0.315000000000000 0.517999999991612 0.833000000000000
0.314000000000000 0.518999999980067 0.833000000000000
0.313000000000000 0.519999999980067 0.833000000000000
0.312000000000000 0.520999999980067 0.833000000000000
0.311000000000000 0.521999999980067 0.833000000000000
0.310000000000000 0.522999999980067 0.833000000000000
0.309000000000000 0.523999999980067 0.833000000000000
0.308000000000000 0.524999999980067 0.833000000000000
0.307000000000000 0.525999999980067 0.833000000000000
0.306000000000000 0.526999999980067 0.833000000000000
0.305000000000000 0.527999999980067 0.833000000000000
0.304000000000000 0.528999999980067 0.833000000000000
0.303000000000000 0.529999999980067 0.833000000000000
0.302000000000000 0.530999999980067 0.833000000000000
0.301000000000000 0.531999999980067 0.833000000000000
0.300000000000000 0.532999999980067 0.833000000000000
0.299000000000000 0.533999999980067 0.833000000000000
0.298000000000000 0.534999999980067 0.833000000000000
0.297000000000000 0.535999999980067 0.833000000000000
0.296000000000000 0.536999999980067 0.833000000000000
0.295000000000000 0.537999999980067 0.833000000000000
0.294000000000000 0.538999999980067 0.833000000000000
0.293000000000000 0.539999999980067 0.833000000000000
0.292000000000000 0.540999999980067 0.833000000000000
0.291000000000000 0.541999999980067 0.833000000000000
0.290000000000000 0.542999999980067 0.833000000000000
0.289000000000000 0.543999999980067 0.833000000000000
0.288000000000000 0.544999999980067 0.833000000000000
0.287000000000000 0.545999999980067 0.833000000000000
0.286000000000000 0.546999999980067 0.833000000000000
0.285000000000000 0.547999999980067 0.833000000000000
0.284000000000000 0.548999999980067 0.833000000000000
0.283000000000000 0.549999999980067 0.833000000000000
0.282000000000000 0.550999999980067 0.833000000000000
0.281000000000000 0.551999999980067 0.833000000000000
0.280000000000000 0.552999999980067 0.833000000000000
0.279000000000000 0.553999999980067 0.833000000000000
0.278000000000000 0.554999999980067 0.833000000000000
0.277000000000000 0.555999999980067 0.833000000000000
0.276000000000000 0.556999999980067 0.833000000000000
0.275000000000000 0.557999999980067 0.833000000000000
0.274000000000000 0.558999999980067 0.833000000000000
0.273000000000000 0.559999999980067 0.833000000000000
0.272000000000000 0.560999999980067 0.833000000000000
0.271000000000000 0.561999999980067 0.833000000000000
0.270000000000000 0.562999999980067 0.833000000000000
0.269000000000000 0.563999999980067 0.833000000000000
0.268000000000000 0.564999999980067 0.833000000000000
0.267000000000000 0.565999999980067 0.833000000000000
0.266000000000000 0.566999999980067 0.833000000000000
0.265000000000000 0.567999999980067 0.833000000000000
0.264000000000000 0.568999999980067 0.833000000000000
0.263000000000000 0.569999999980067 0.833000000000000
0.262000000000000 0.570999999980067 0.833000000000000
0.261000000000000 0.571999999980067 0.833000000000000
0.260000000000000 0.572999999980067 0.833000000000000
0.259000000000000 0.573999999980067 0.833000000000000
0.258000000000000 0.574999999980067 0.833000000000000
0.257000000000000 0.575999999980067 0.833000000000000
0.256000000000000 0.576999999980067 0.833000000000000
0.255000000000000 0.577999999980067 0.833000000000000
0.254000000000000 0.578999999980067 0.833000000000000
0.253000000000000 0.579999999980067 0.833000000000000
0.252000000000000 0.580999999980067 0.833000000000000
0.251000000000000 0.581999999980067 0.833000000000000
0.250000000000000 0.582999999980067 0.833000000000000
0.249000000000000 0.583999999980067 0.833000000000000
0.248000000000000 0.584999999980067 0.833000000000000
0.247000000000000 0.585999999980067 0.833000000000000
0.246000000000000 0.586999999980067 0.833000000000000
0.245000000000000 0.587999999980067 0.833000000000000
0.244000000000000 0.588999999980067 0.833000000000000
0.243000000000000 0.589999999980067 0.833000000000000
0.242000000000000 0.590999999980067 0.833000000000000
0.241000000000000 0.591999999980067 0.833000000000000
0.240000000000000 0.592999999980067 0.833000000000000
0.239000000000000 0.593999999980067 0.833000000000000
0.238000000000000 0.594999999980067 0.833000000000000
0.237000000000000 0.595999999980067 0.833000000000000
0.236000000000000 0.596999999980067 0.833000000000000
0.235000000000000 0.597999999980067 0.833000000000000
0.234000000000000 0.598999999980067 0.833000000000000
0.233000000000000 0.599999999980067 0.833000000000000
0.232000000000000 0.600999999980067 0.833000000000000
0.231000000000000 0.601999999980067 0.833000000000000
0.230000000000000 0.602999999980067 0.833000000000000
0.229000000000000 0.603999999980067 0.833000000000000
0.228000000000000 0.604999999980067 0.833000000000000
0.227000000000000 0.605999999980067 0.833000000000000
0.226000000000000 0.606999999980067 0.833000000000000
0.225000000000000 0.607999999980067 0.833000000000000
0.224000000000000 0.608999999980067 0.833000000000000
0.223000000000000 0.609999999980067 0.833000000000000
0.222000000000000 0.610999999980067 0.833000000000000
0.221000000000000 0.611999999980067 0.833000000000000
0.220000000000000 0.612999999980067 0.833000000000000
0.219000000000000 0.613999999980067 0.833000000000000
0.218000000000000 0.614999999980067 0.833000000000000
0.217000000000000 0.615999999980067 0.833000000000000
0.216000000000000 0.616999999980067 0.833000000000000
0.215000000000000 0.617999999980067 0.833000000000000
0.214000000000000 0.618999999980067 0.833000000000000
0.213000000000000 0.619999999980067 0.833000000000000
0.212000000000000 0.620999999980067 0.833000000000000
0.211000000000000 0.621999999980067 0.833000000000000
0.210000000000000 0.622999999980067 0.833000000000000
0.209000000000000 0.623999999980067 0.833000000000000
0.208000000000000 0.624999999980067 0.833000000000000
0.207000000000000 0.625999999980067 0.833000000000000
0.206000000000000 0.626999999980067 0.833000000000000
0.205000000000000 0.627999999980067 0.833000000000000
0.204000000000000 0.628999999980067 0.833000000000000
0.203000000000000 0.629999999980067 0.833000000000000
0.202000000000000 0.630999999980067 0.833000000000000
0.201000000000000 0.631999999980067 0.833000000000000
0.200000000000000 0.632999999980067 0.833000000000000
0.199000000000000 0.633999999980067 0.833000000000000
0.198000000000000 0.634999999980067 0.833000000000000
0.197000000000000 0.635999999980067 0.833000000000000
0.196000000000000 0.636999999980067 0.833000000000000
0.195000000000000 0.637999999980067 0.833000000000000
0.194000000000000 0.638999999980067 0.833000000000000
0.193000000000000 0.639999999980067 0.833000000000000
0.192000000000000 0.640999999980067 0.833000000000000
0.191000000000000 0.641999999980067 0.833000000000000
0.190000000000000 0.642999999980067 0.833000000000000
0.189000000000000 0.643999999980067 0.833000000000000
0.188000000000000 0.644999999980067 0.833000000000000
0.187000000000000 0.645999999980067 0.833000000000000
0.186000000000000 0.646999999980067 0.833000000000000
0.185000000000000 0.647999999980067 0.833000000000000
0.184000000000000 0.648999999980067 0.833000000000000
0.183000000000000 0.649999999980067 0.833000000000000
0.182000000000000 0.650999999980067 0.833000000000000
0.181000000000000 0.651999999980067 0.833000000000000
0.180000000000000 0.652999999980067 0.833000000000000
0.179000000000000 0.653999999980067 0.833000000000000
0.178000000000000 0.654999999980067 0.833000000000000
0.177000000000000 0.655999999980067 0.833000000000000
0.176000000000000 0.656999999980067 0.833000000000000
0.175000000000000 0.657999999980067 0.833000000000000
0.174000000000000 0.658999999980067 0.833000000000000
0.173000000000000 0.659999999980067 0.833000000000000
0.172000000000000 0.660999999980067 0.833000000000000
0.171000000000000 0.661999999980067 0.833000000000000
0.170000000000000 0.662999999980067 0.833000000000000
0.169000000000000 0.663999999980067 0.833000000000000
0.168000000000000 0.664999999980067 0.833000000000000
0.167000000000000 0.665999999980067 0.833000000000000
0.166000000000000 0.666999999980067 0.833000000000000
0.165000000000000 0.667999999980067 0.833000000000000
0.164000000000000 0.668999999980067 0.833000000000000
0.163000000000000 0.669999999980067 0.833000000000000
0.162000000000000 0.670999999980067 0.833000000000000
0.161000000000000 0.671999999980067 0.833000000000000
0.160000000000000 0.672999999980067 0.833000000000000
0.159000000000000 0.673999999980067 0.833000000000000
0.158000000000000 0.674999999980067 0.833000000000000
0.157000000000000 0.675999999980067 0.833000000000000
0.156000000000000 0.676999999980067 0.833000000000000
0.155000000000000 0.677999999980067 0.833000000000000
0.154000000000000 0.678999999980067 0.833000000000000
0.153000000000000 0.679999999980067 0.833000000000000
0.152000000000000 0.680999999980067 0.833000000000000
0.151000000000000 0.681999999980067 0.833000000000000
0.150000000000000 0.682999999980067 0.833000000000000
0.149000000000000 0.683999999980067 0.833000000000000
0.148000000000000 0.684999999980067 0.833000000000000
0.147000000000000 0.685999999980067 0.833000000000000
0.146000000000000 0.686999999980067 0.833000000000000
0.145000000000000 0.687999999980067 0.833000000000000
0.144000000000000 0.688999999980067 0.833000000000000
0.143000000000000 0.689999999980067 0.833000000000000
0.142000000000000 0.690999999980067 0.833000000000000
0.141000000000000 0.691999999980067 0.833000000000000
0.140000000000000 0.692999999980067 0.833000000000000
0.139000000000000 0.693999999980067 0.833000000000000
0.138000000000000 0.694999999980067 0.833000000000000
0.137000000000000 0.695999999980067 0.833000000000000
0.136000000000000 0.696999999980067 0.833000000000000
0.135000000000000 0.697999999980067 0.833000000000000
0.134000000000000 0.698999999980067 0.833000000000000
0.133000000000000 0.699999999980067 0.833000000000000
0.132000000000000 0.700999999980067 0.833000000000000
0.131000000000000 0.701999999980067 0.833000000000000
0.130000000000000 0.702999999980067 0.833000000000000
0.129000000000000 0.703999999980067 0.833000000000000
0.128000000000000 0.704999999980067 0.833000000000000
0.127000000000000 0.705999999980067 0.833000000000000
0.126000000000000 0.706999999980067 0.833000000000000
0.125000000000000 0.707999999980067 0.833000000000000
0.124000000000000 0.708999999980067 0.833000000000000
0.123000000000000 0.709999999980067 0.833000000000000
0.122000000000000 0.710999999980067 0.833000000000000
0.121000000000000 0.711999999980067 0.833000000000000
0.120000000000000 0.712999999980067 0.833000000000000
0.119000000000000 0.713999999980067 0.833000000000000
0.118000000000000 0.714999999980067 0.833000000000000
0.117000000000000 0.715999999980067 0.833000000000000
0.116000000000000 0.716999999980067 0.833000000000000
0.115000000000000 0.717999999980067 0.833000000000000
0.114000000000000 0.718999999980067 0.833000000000000
0.113000000000000 0.719999999980067 0.833000000000000
0.112000000000000 0.720999999980067 0.833000000000000
0.111000000000000 0.721999999980067 0.833000000000000
0.110000000000000 0.722999999980067 0.833000000000000
0.109000000000000 0.723999999980067 0.833000000000000
0.108000000000000 0.724999999980067 0.833000000000000
0.107000000000000 0.725999999980067 0.833000000000000
0.106000000000000 0.726999999980067 0.833000000000000
0.105000000000000 0.727999999980067 0.833000000000000
0.104000000000000 0.728999999980067 0.833000000000000
0.103000000000000 0.729999999980067 0.833000000000000
0.102000000000000 0.730999999980067 0.833000000000000
0.101000000000000 0.731999999980067 0.833000000000000
0.100000000000000 0.732999999980067 0.833000000000000
0.099000000000000 0.733999999980067 0.833000000000000
0.098000000000000 0.734999999980067 0.833000000000000
0.097000000000000 0.735999999980067 0.833000000000000
0.096000000000000 0.736999999980067 0.833000000000000
0.095000000000000 0.737999999980067 0.833000000000000
0.094000000000000 0.738999999980067 0.833000000000000
0.093000000000000 0.739999999980067 0.833000000000000
0.092000000000000 0.740999999980067 0.833000000000000
0.091000000000000 0.741999999980067 0.833000000000000
0.090000000000000 0.742999999980067 0.833000000000000
0.089000000000000 0.743999999980067 0.833000000000000
0.088000000000000 0.744999999980067 0.833000000000000
0.087000000000000 0.745999999980067 0.833000000000000
0.086000000000000 0.746999999980067 0.833000000000000
0.085000000000000 0.747999999980067 0.833000000000000
0.084000000000000 0.748999999980067 0.833000000000000
0.083000000000000 0.749999999980067 0.833000000000000
0.082000000000000 0.750999999980067 0.833000000000000
0.081000000000000 0.751999999980067 0.833000000000000
0.080000000000000 0.752999999980067 0.833000000000000
0.079000000000000 0.753999999980067 0.833000000000000
0.078000000000000 0.754999999980067 0.833000000000000
0.077000000000000 0.755999999980067 0.833000000000000
0.076000000000000 0.756999999980067 0.833000000000000
0.075000000000000 0.757999999980067 0.833000000000000
0.074000000000000 0.758999999980067 0.833000000000000
0.073000000000000 0.759999999980067 0.833000000000000
0.072000000000000 0.760999999980067 0.833000000000000
0.071000000000000 0.761999999980067 0.833000000000000
0.070000000000000 0.762999999980067 0.833000000000000
0.069000000000000 0.763999999980067 0.833000000000000
0.068000000000000 0.764999999980067 0.833000000000000
0.067000000000000 0.765999999980067 0.833000000000000
0.066000000000000 0.766999999980067 0.833000000000000
0.065000000000000 0.767999999980067 0.833000000000000
0.064000000000000 0.768999999980067 0.833000000000000
0.063000000000000 0.769999999980067 0.833000000000000
0.062000000000000 0.770999999980067 0.833000000000000
0.061000000000000 0.771999999980067 0.833000000000000
0.060000000000000 0.772999999980067 0.833000000000000
0.059000000000000 0.773999999980067 0.833000000000000
0.058000000000000 0.774999999980067 0.833000000000000
0.057000000000000 0.775999999980067 0.833000000000000
0.056000000000000 0.776999999980067 0.833000000000000
0.055000000000000 0.777999999980067 0.833000000000000
0.054000000000000 0.778999999980067 0.833000000000000
0.053000000000000 0.779999999980067 0.833000000000000
0.052000000000000 0.780999999980067 0.833000000000000
0.051000000000000 0.781999999980067 0.833000000000000
0.050000000000000 0.782999999980067 0.833000000000000
0.049000000000000 0.783999999980067 0.833000000000000
0.048000000000000 0.784999999980067 0.833000000000000
0.047000000000000 0.785999999980067 0.833000000000000
0.046000000000000 0.786999999980067 0.833000000000000
0.045000000000000 0.787999999980067 0.833000000000000
0.044000000000000 0.788999999980067 0.833000000000000
0.043000000000000 0.789999999980067 0.833000000000000
0.042000000000000 0.790999999980067 0.833000000000000
0.041000000000000 0.791999999980067 0.833000000000000
0.040000000000000 0.792999999980067 0.833000000000000
0.039000000000000 0.793999999980067 0.833000000000000
0.038000000000000 0.794999999980067 0.833000000000000
0.037000000000000 0.795999999980067 0.833000000000000
0.036000000000000 0.796999999980067 0.833000000000000
0.035000000000000 0.797999999980067 0.833000000000000
0.034000000000000 0.798999999980067 0.833000000000000
0.033000000000000 0.799999999980067 0.833000000000000
0.032000000000000 0.800999999980067 0.833000000000000
0.031000000000000 0.801999999980067 0.833000000000000
0.030000000000000 0.802999999980067 0.833000000000000
0.029000000000000 0.803999999980067 0.833000000000000
0.028000000000000 0.804999999980067 0.833000000000000
0.027000000000000 0.805999999980067 0.833000000000000
0.026000000000000 0.806999999980067 0.833000000000000
0.025000000000000 0.807999999980067 0.833000000000000
0.024000000000000 0.808999999980067 0.833000000000000
0.023000000000000 0.809999999980067 0.833000000000000
0.022000000000000 0.810999999980067 0.833000000000000
0.021000000000000 0.811999999980067 0.833000000000000
0.020000000000000 0.812999999980067 0.833000000000000
0.019000000000000 0.813999999980067 0.833000000000000
0.018000000000000 0.814999999980067 0.833000000000000
0.017000000000000 0.815999999980067 0.833000000000000
0.016000000000000 0.816999999980067 0.833000000000000
0.015000000000000 0.817999999980067 0.833000000000000
0.014000000000000 0.818999999980067 0.833000000000000
0.013000000000000 0.819999999980067 0.833000000000000
0.012000000000000 0.820999999980067 0.833000000000000
0.011000000000000 0.821999999980067 0.833000000000000
0.010000000000000 0.822999999980067 0.833000000000000
0.009000000000000 0.823999999980067 0.833000000000000
0.008000000000000 0.824999999980067 0.833000000000000
0.007000000000000 0.825999999980067 0.833000000000000
0.006000000000000 0.826999999980067 0.833000000000000
0.005000000000000 0.827999999980067 0.833000000000000
0.004000000000000 0.828999999980067 0.833000000000000
0.003000000000000 0.829999999980067 0.833000000000000
0.002000000000000 0.830999999980067 0.833000000000000
0.001000000000000 0.831999999980067 0.833000000000000
-0.000000000000000 0.832999999980067 0.833000000000000
-0.001000000000000 0.833999999980067 0.833000000000000
-0.002000000000000 0.834999999980067 0.833000000000000
-0.003000000000000 0.835999999980067 0.833000000000000
-0.004000000000000 0.836999999980067 0.833000000000000
-0.005000000000000 0.837999999980067 0.833000000000000
-0.006000000000000 0.838999999980067 0.833000000000000
-0.007000000000000 0.839999999980067 0.833000000000000
-0.008000000000000 0.840999999980067 0.833000000000000
-0.009000000000000 0.841999999980067 0.833000000000000
-0.010000000000000 0.842999999980067 0.833000000000000
-0.011000000000000 0.843999999980067 0.833000000000000
-0.012000000000000 0.844999999980067 0.833000000000000
-0.013000000000000 0.845999999980067 0.833000000000000
-0.014000000000000 0.846999999980067 0.833000000000000
-0.015000000000000 0.847999999980067 0.833000000000000
-0.016000000000000 0.848999999980067 0.833000000000000
-0.017000000000000 0.849999999980067 0.833000000000000
-0.018000000000000 0.850999999980067 0.833000000000000
-0.019000000000000 0.851999999980067 0.833000000000000
-0.020000000000000 0.852999999980067 0.833000000000000
-0.021000000000000 0.853999999980067 0.833000000000000
-0.022000000000000 0.854999999980067 0.833000000000000
-0.023000000000000 0.855999999980067 0.833000000000000
-0.024000000000000 0.856999999980067 0.833000000000000
-0.025000000000000 0.857999999980067 0.833000000000000
-0.026000000000000 0.858999999980067 0.833000000000000
-0.027000000000000 0.859999999980067 0.833000000000000
-0.028000000000000 0.860999999980067 0.833000000000000
-0.029000000000000 0.861999999980067 0.833000000000000
-0.030000000000000 0.862999999980067 0.833000000000000
-0.031000000000000 0.863999999980067 0.833000000000000
-0.032000000000000 0.864999999980067 0.833000000000000
-0.033000000000000 0.865999999980067 0.833000000000000
-0.034000000000000 0.866999999980067 0.833000000000000
-0.035000000000000 0.867999999980067 0.833000000000000
-0.036000000000000 0.868999999980067 0.833000000000000
-0.037000000000000 0.869999999980067 0.833000000000000
-0.038000000000000 0.870999999980067 0.833000000000000
-0.039000000000000 0.871999999980067 0.833000000000000
-0.040000000000000 0.872999999980067 0.833000000000000
-0.041000000000000 0.873999999980067 0.833000000000000
-0.042000000000000 0.874999999980067 0.833000000000000
-0.043000000000000 0.875999999980067 0.833000000000000
-0.044000000000000 0.876999999980067 0.833000000000000
-0.045000000000000 0.877999999980067 0.833000000000000
-0.046000000000000 0.878999999980067 0.833000000000000
-0.047000000000000 0.879999999980067 0.833000000000000
-0.048000000000000 0.880999999980067 0.833000000000000
-0.049000000000000 0.881999999980067 0.833000000000000
-0.050000000000000 0.882999999980067 0.833000000000000
-0.051000000000000 0.883999999980067 0.833000000000000
-0.052000000000000 0.884999999980067 0.833000000000000
-0.053000000000000 0.885999999980067 0.833000000000000
-0.054000000000000 0.886999999980067 0.833000000000000
-0.055000000000000 0.887999999980067 0.833000000000000
-0.056000000000000 0.888999999980067 0.833000000000000
-0.057000000000000 0.889999999980067 0.833000000000000
-0.058000000000000 0.890999999980067 0.833000000000000
-0.059000000000000 0.891999999980067 0.833000000000000
-0.060000000000000 0.892999999980067 0.833000000000000
-0.061000000000000 0.893999999980067 0.833000000000000
-0.062000000000000 0.894999999980067 0.833000000000000
-0.063000000000000 0.895999999980067 0.833000000000000
-0.064000000000000 0.896999999980067 0.833000000000000
-0.065000000000000 0.897999999980067 0.833000000000000
-0.066000000000000 0.898999999980067 0.833000000000000
-0.067000000000000 0.899999999980067 0.833000000000000
-0.068000000000000 0.900999999980067 0.833000000000000
-0.069000000000000 0.901999999980067 0.833000000000000
-0.070000000000000 0.902999999980067 0.833000000000000
-0.071000000000000 0.903999999980067 0.833000000000000
-0.072000000000000 0.904999999980067 0.833000000000000
-0.073000000000000 0.905999999980067 0.833000000000000
-0.074000000000000 0.906999999980067 0.833000000000000
-0.075000000000000 0.907999999980067 0.833000000000000
-0.076000000000000 0.908999999980067 0.833000000000000
-0.077000000000000 0.909999999980067 0.833000000000000
-0.078000000000000 0.910999999980067 0.833000000000000
-0.079000000000000 0.911999999980067 0.833000000000000
-0.080000000000000 0.912999999980067 0.833000000000000
-0.081000000000000 0.913999999980067 0.833000000000000
-0.082000000000000 0.914999999980067 0.833000000000000
-0.083000000000000 0.915999999980067 0.833000000000000
-0.084000000000000 0.916999999980067 0.833000000000000
-0.085000000000000 0.917999999980067 0.833000000000000
-0.086000000000000 0.918999999980067 0.833000000000000
-0.087000000000000 0.919999999980067 0.833000000000000
-0.088000000000000 0.920999999980067 0.833000000000000
-0.089000000000000 0.921999999980067 0.833000000000000
-0.090000000000000 0.922999999980067 0.833000000000000
-0.091000000000000 0.923999999980067 0.833000000000000
-0.092000000000000 0.924999999980067 0.833000000000000
-0.093000000000000 0.925999999980067 0.833000000000000
-0.094000000000000 0.926999999980067 0.833000000000000
-0.095000000000000 0.927999999980067 0.833000000000000
-0.096000000000000 0.928999999980067 0.833000000000000
-0.097000000000000 0.929999999980067 0.833000000000000
-0.098000000000000 0.930999999980067 0.833000000000000
-0.099000000000000 0.931999999980067 0.833000000000000
-0.100000000000000 0.932999999980067 0.833000000000000
-0.101000000000000 0.933999999980067 0.833000000000000
-0.102000000000000 0.934999999980067 0.833000000000000
-0.103000000000000 0.935999999980067 0.833000000000000
-0.104000000000000 0.936999999980067 0.833000000000000
-0.105000000000000 0.937999999980067 0.833000000000000
-0.106000000000000 0.938999999980067 0.833000000000000
-0.107000000000000 0.939999999980067 0.833000000000000
-0.108000000000000 0.940999999980067 0.833000000000000
-0.109000000000000 0.941999999980067 0.833000000000000
-0.110000000000000 0.942999999980067 0.833000000000000
-0.111000000000000 0.943999999980067 0.833000000000000
-0.112000000000000 0.944999999980067 0.833000000000000
-0.113000000000000 0.945999999980067 0.833000000000000
-0.114000000000000 0.946999999980067 0.833000000000000
-0.115000000000000 0.947999999980067 0.833000000000000
-0.116000000000000 0.948999999980067 0.833000000000000
-0.117000000000000 0.949999999980067 0.833000000000000
-0.118000000000000 0.950999999980067 0.833000000000000
-0.119000000000000 0.951999999980067 0.833000000000000
-0.120000000000000 0.952999999980067 0.833000000000000
-0.121000000000000 0.953999999980067 0.833000000000000
-0.122000000000000 0.954999999980067 0.833000000000000
-0.123000000000000 0.955999999980067 0.833000000000000
-0.124000000000000 0.956999999980067 0.833000000000000
-0.125000000000000 0.957999999980067 0.833000000000000
-0.126000000000000 0.958999999980067 0.833000000000000
-0.127000000000000 0.959999999980067 0.833000000000000
-0.128000000000000 0.960999999980067 0.833000000000000
-0.129000000000000 0.961999999980067 0.833000000000000
-0.130000000000000 0.962999999980067 0.833000000000000
-0.131000000000000 0.963999999980067 0.833000000000000
-0.132000000000000 0.964999999980067 0.833000000000000
-0.133000000000000 0.965999999980067 0.833000000000000
-0.134000000000000 0.966999999980067 0.833000000000000
-0.135000000000000 0.967999999980067 0.833000000000000
-0.136000000000000 0.968999999980067 0.833000000000000
-0.137000000000000 0.969999999980067 0.833000000000000
-0.138000000000000 0.970999999980067 0.833000000000000
-0.139000000000000 0.971999999980067 0.833000000000000
-0.140000000000000 0.972999999980067 0.833000000000000
-0.141000000000000 0.973999999980067 0.833000000000000
-0.142000000000000 0.974999999980067 0.833000000000000
-0.143000000000000 0.975999999980067 0.833000000000000
-0.144000000000000 0.976999999980067 0.833000000000000
-0.145000000000000 0.977999999980067 0.833000000000000
-0.146000000000000 0.978999999980067 0.833000000000000
-0.147000000000000 0.979999999980067 0.833000000000000
-0.148000000000000 0.980999999980067 0.833000000000000
-0.149000000000000 0.981999999980067 0.833000000000000
-0.150000000000000 0.982999999980067 0.833000000000000
-0.151000000000000 0.983999999980067 0.833000000000000
-0.152000000000000 0.984999999980067 0.833000000000000
-0.153000000000000 0.985999999980067 0.833000000000000
-0.154000000000000 0.986999999980067 0.833000000000000
-0.155000000000000 0.987999999980067 0.833000000000000
-0.156000000000000 0.988999999980067 0.833000000000000
-0.157000000000000 0.989999999980067 0.833000000000000
-0.158000000000000 0.990999999980067 0.833000000000000
-0.159000000000000 0.991999999980067 0.833000000000000
-0.160000000000000 0.992999999980067 0.833000000000000
-0.161000000000000 0.993999999980067 0.833000000000000
-0.162000000000000 0.994999999980067 0.833000000000000
-0.163000000000000 0.995999999980067 0.833000000000000
-0.164000000000000 0.996999999980067 0.833000000000000
-0.165000000000000 0.997999999980067 0.833000000000000
-0.166000000000000 0.998999999980067 0.833000000000000
-0.167000000000000 0.999999999980067 0.833000000000000
-0.168000000000000 1.000999999980067 0.833000000000000
-0.169000000000000 1.001999999980067 0.833000000000000
-0.170000000000000 1.002999999980067 0.833000000000000
-0.171000000000000 1.003999999980067 0.833000000000000
-0.172000000000000 1.004999999980067 0.833000000000000
-0.173000000000000 1.005999999980067 0.833000000000000
-0.174000000000000 1.006999999980067 0.833000000000000
-0.175000000000000 1.007999999980067 0.833000000000000
-0.176000000000000 1.008999999980067 0.833000000000000
-0.177000000000000 1.009999999980067 0.833000000000000
-0.178000000000000 1.010999999980067 0.833000000000000
-0.179000000000000 1.011999999980067 0.833000000000000
-0.180000000000000 1.012999999980067 0.833000000000000
-0.181000000000000 1.013999999980067 0.833000000000000
-0.182000000000000 1.014999999980067 0.833000000000000
-0.183000000000000 1.015999999980067 0.833000000000000
-0.184000000000000 1.016999999980067 0.833000000000000
-0.185000000000000 1.017999999980067 0.833000000000000
-0.186000000000000 1.018999999980067 0.833000000000000
-0.187000000000000 1.019999999980067 0.833000000000000
-0.188000000000000 1.020999999980067 0.833000000000000
-0.189000000000000 1.021999999980067 0.833000000000000
-0.190000000000000 1.022999999980067 0.833000000000000
-0.191000000000000 1.023999999980067 0.833000000000000
-0.192000000000000 1.024999999980067 0.833000000000000
-0.193000000000000 1.025999999980067 0.833000000000000
-0.194000000000000 1.026999999980067 0.833000000000000
-0.195000000000000 1.027999999980067 0.833000000000000
-0.196000000000000 1.028999999980067 0.833000000000000
-0.197000000000000 1.029999999980067 0.833000000000000
-0.198000000000000 1.030999999980067 0.833000000000000
-0.199000000000000 1.031999999980067 0.833000000000000
-0.200000000000000 1.032999999980067 0.833000000000000
-0.201000000000000 1.033999999980067 0.833000000000000
-0.202000000000000 1.034999999980067 0.833000000000000
-0.203000000000000 1.035999999980067 0.833000000000000
-0.204000000000000 1.036999999980067 0.833000000000000
-0.205000000000000 1.037999999980067 0.833000000000000
-0.206000000000000 1.038999999980067 0.833000000000000
-0.207000000000000 1.039999999980067 0.833000000000000
-0.208000000000000 1.040999999980067 0.833000000000000
-0.209000000000000 1.041999999980067 0.833000000000000
-0.210000000000000 1.042999999980067 0.833000000000000
-0.211000000000000 1.043999999980067 0.833000000000000
-0.212000000000000 1.044999999980067 0.833000000000000
-0.213000000000000 1.045999999980067 0.833000000000000
-0.214000000000000 1.046999999980067 0.833000000000000
-0.215000000000000 1.047999999980067 0.833000000000000
-0.216000000000000 1.048999999980067 0.833000000000000
-0.217000000000000 1.049999999980067 0.833000000000000
-0.218000000000000 1.050999999980067 0.833000000000000
-0.219000000000000 1.051999999980067 0.833000000000000
-0.220000000000000 1.052999999980067 0.833000000000000
-0.221000000000000 1.053999999980067 0.833000000000000
-0.222000000000000 1.054999999980067 0.833000000000000
-0.223000000000000 1.055999999980067 0.833000000000000
-0.224000000000000 1.056999999980067 0.833000000000000
-0.225000000000000 1.057999999980067 0.833000000000000
-0.226000000000000 1.058999999980067 0.833000000000000
-0.227000000000000 1.059999999980067 0.833000000000000
-0.228000000000000 1.060999999980067 0.833000000000000
-0.229000000000000 1.061999999980067 0.833000000000000
-0.230000000000000 1.062999999980067 0.833000000000000
-0.231000000000000 1.063999999980067 0.833000000000000
-0.232000000000000 1.064999999980067 0.833000000000000
-0.233000000000000 1.065999999980067 0.833000000000000
-0.234000000000000 1.066999999980067 0.833000000000000
-0.235000000000000 1.067999999980067 0.833000000000000
-0.236000000000000 1.068999999980067 0.833000000000000
-0.237000000000000 1.069999999980067 0.833000000000000
-0.238000000000000 1.070999999980067 0.833000000000000
-0.239000000000000 1.071999999980067 0.833000000000000
-0.240000000000000 1.072999999980067 0.833000000000000
-0.241000000000000 1.073999999980067 0.833000000000000
-0.242000000000000 1.074999999980067 0.833000000000000
-0.243000000000000 1.075999999980067 0.833000000000000
-0.244000000000000 1.076999999980067 0.833000000000000
-0.245000000000000 1.077999999980067 0.833000000000000
-0.246000000000000 1.078999999980067 0.833000000000000
-0.247000000000000 1.079999999980067 0.833000000000000
-0.248000000000000 1.080999999980067 0.833000000000000
-0.249000000000000 1.081999999980067 0.833000000000000
-0.250000000000000 1.082999999980067 0.833000000000000
-0.251000000000000 1.083999999980067 0.833000000000000
-0.252000000000000 1.084999999980067 0.833000000000000
-0.253000000000000 1.085999999980067 0.833000000000000
-0.254000000000000 1.086999999980067 0.833000000000000
-0.255000000000000 1.087999999980067 0.833000000000000
-0.256000000000000 1.088999999980067 0.833000000000000
-0.257000000000000 1.089999999980067 0.833000000000000
-0.258000000000000 1.090999999980067 0.833000000000000
-0.259000000000000 1.091999999980067 0.833000000000000
-0.260000000000000 1.092999999980067 0.833000000000000
-0.261000000000000 1.093999999980067 0.833000000000000
-0.262000000000000 1.094999999980067 0.833000000000000
-0.263000000000000 1.095999999980067 0.833000000000000
-0.264000000000000 1.096999999980067 0.833000000000000
-0.265000000000000 1.097999999980067 0.833000000000000
-0.266000000000000 1.098999999980067 0.833000000000000
-0.267000000000000 1.099999999980067 0.833000000000000
-0.268000000000000 1.100999999980067 0.833000000000000
-0.269000000000000 1.101999999980067 0.833000000000000
-0.270000000000000 1.102999999980067 0.833000000000000
-0.271000000000000 1.103999999980067 0.833000000000000
-0.272000000000000 1.104999999980067 0.833000000000000
-0.273000000000000 1.105999999980067 0.833000000000000
-0.274000000000000 1.106999999980067 0.833000000000000
-0.275000000000000 1.107999999980067 0.833000000000000
-0.276000000000000 1.108999999980067 0.833000000000000
-0.277000000000000 1.109999999980067 0.833000000000000
-0.278000000000000 1.110999999980067 0.833000000000000
-0.279000000000000 1.111999999980067 0.833000000000000
-0.280000000000000 1.112999999980067 0.833000000000000
-0.281000000000000 1.113999999980067 0.833000000000000
-0.282000000000000 1.114999999980067 0.833000000000000
-0.283000000000000 1.115999999980067 0.833000000000000
-0.284000000000000 1.116999999980067 0.833000000000000
-0.285000000000000 1.117999999980067 0.833000000000000
-0.286000000000000 1.118999999980067 0.833000000000000
-0.287000000000000 1.119999999980067 0.833000000000000
-0.288000000000000 1.120999999980067 0.833000000000000
-0.289000000000000 1.121999999980067 0.833000000000000
-0.290000000000000 1.122999999980067 0.833000000000000
-0.291000000000000 1.123999999980067 0.833000000000000
-0.292000000000000 1.124999999980067 0.833000000000000
-0.293000000000000 1.125999999980067 0.833000000000000
-0.294000000000000 1.126999999980067 0.833000000000000
-0.295000000000000 1.127999999980067 0.833000000000000
-0.296000000000000 1.128999999980067 0.833000000000000
-0.297000000000000 1.129999999980067 0.833000000000000
-0.298000000000000 1.130999999980067 0.833000000000000
-0.299000000000000 1.131999999980067 0.833000000000000
-0.300000000000000 1.132999999980067 0.833000000000000
-0.301000000000000 1.133999999980067 0.833000000000000
-0.302000000000000 1.134999999980067 0.833000000000000
-0.303000000000000 1.135999999980067 0.833000000000000
-0.304000000000000 1.136999999980067 0.833000000000000
-0.305000000000000 1.137999999980067 0.833000000000000
-0.306000000000000 1.138999999980067 0.833000000000000
-0.307000000000000 1.139999999980067 0.833000000000000
-0.308000000000000 1.140999999980067 0.833000000000000
-0.309000000000000 1.141999999980067 0.833000000000000
-0.310000000000000 1.142999999980067 0.833000000000000
-0.311000000000000 1.143999999980067 0.833000000000000
-0.312000000000000 1.144999999980067 0.833000000000000
-0.313000000000001 1.145999999980067 0.833000000000000
-0.314000000000001 1.146999999980067 0.833000000000000
-0.315000000000001 1.147999999980067 0.833000000000000
-0.316000000000001 1.148999999980067 0.833000000000000
-0.317000000000001 1.149999999980067 0.833000000000000
-0.318000000000001 1.150999999980067 0.833000000000000
-0.319000000000001 1.151999999980067 0.833000000000000
-0.320000000000001 1.152999999980067 0.833000000000000
-0.321000000000001 1.153999999980067 0.833000000000000
-0.322000000000001 1.154999999980067 0.833000000000000
-0.323000000000001 1.155999999980067 0.833000000000000
-0.324000000000001 1.156999999980067 0.833000000000000
-0.325000000000001 1.157999999980067 0.833000000000000
-0.326000000000001 1.158999999980067 0.833000000000000
-0.327000000000001 1.159999999980067 0.833000000000000
-0.328000000000001 1.160999999980067 0.833000000000000
-0.329000000000001 1.161999999980067 0.833000000000000
-0.330000000000001 1.162999999980067 0.833000000000000
-0.331000000000001 1.163999999980067 0.833000000000000
-0.332000000000001 1.164999999980067 0.833000000000000
-0.333000000000001 1.165999999980067 0.833000000000000
-0.334000000000001 1.166999999980067 0.833000000000000
-0.335000000000001 1.167999999980067 0.833000000000000
-0.336000000000001 1.168999999980067 0.833000000000000
-0.337000000000001 1.169999999980067 0.833000000000000
-0.338000000000001 1.170999999980067 0.833000000000000
-0.339000000000001 1.171999999980067 0.833000000000000
-0.340000000000001 1.172999999980067 0.833000000000000
-0.341000000000001 1.173999999980067 0.833000000000000
-0.342000000000001 1.174999999980067 0.833000000000000
-0.343000000000001 1.175999999980067 0.833000000000000
-0.344000000000001 1.176999999980067 0.833000000000000
-0.345000000000001 1.177999999980067 0.833000000000000
-0.346000000000001 1.178999999980067 0.833000000000000
-0.347000000000001 1.179999999980067 0.833000000000000
-0.348000000000001 1.180999999980067 0.833000000000000
-0.349000000000001 1.181999999980067 0.833000000000000
-0.350000000000001 1.182999999980067 0.833000000000000
-0.351000000000001 1.183999999980067 0.833000000000000
-0.352000000000001 1.184999999980067 0.833000000000000
-0.353000000000001 1.185999999980067 0.833000000000000
-0.354000000000001 1.186999999980067 0.833000000000000
-0.355000000000001 1.187999999980067 0.833000000000000
-0.356000000000001 1.188999999980067 0.833000000000000
-0.357000000000001 1.189999999980067 0.833000000000000
-0.358000000000001 1.190999999980067 0.833000000000000
-0.359000000000001 1.191999999980067 0.833000000000000
-0.360000000000001 1.192999999980067 0.833000000000000
-0.361000000000001 1.193999999980067 0.833000000000000
-0.362000000000001 1.194999999980067 0.833000000000000
-0.363000000000001 1.195999999980067 0.833000000000000
-0.364000000000001 1.196999999980067 0.833000000000000
-0.365000000000001 1.197999999980067 0.833000000000000
-0.366000000000001 1.198999999980067 0.833000000000000
-0.367000000000001 1.199999999980067 0.833000000000000
-0.368000000000001 1.200999999980067 0.833000000000000
-0.369000000000001 1.201999999980067 0.833000000000000
-0.370000000000001 1.202999999980067 0.833000000000000
-0.371000000000001 1.203999999980067 0.833000000000000
-0.372000000000001 1.204999999980067 0.833000000000000
-0.373000000000001 1.205999999980067 0.833000000000000
-0.374000000000001 1.206999999980067 0.833000000000000
-0.375000000000001 1.207999999980067 0.833000000000000
-0.376000000000001 1.208999999980067 0.833000000000000
-0.377000000000001 1.209999999980067 0.833000000000000
-0.378000000000001 1.210999999980067 0.833000000000000
-0.379000000000001 1.211999999980067 0.833000000000000
-0.380000000000001 1.212999999980067 0.833000000000000
-0.381000000000001 1.213999999980067 0.833000000000000
-0.382000000000001 1.214999999980067 0.833000000000000
-0.383000000000001 1.215999999980067 0.833000000000000
-0.384000000000001 1.216999999980067 0.833000000000000
-0.385000000000001 1.217999999980067 0.833000000000000
-0.386000000000001 1.218999999980067 0.833000000000000
-0.387000000000001 1.219999999980067 0.833000000000000
-0.388000000000001 1.220999999980067 0.833000000000000
-0.389000000000001 1.221999999980067 0.833000000000000
-0.390000000000001 1.222999999980067 0.833000000000000
-0.391000000000001 1.223999999980067 0.833000000000000
-0.392000000000001 1.224999999980067 0.833000000000000
-0.393000000000001 1.225999999980067 0.833000000000000
-0.394000000000001 1.226999999980067 0.833000000000000
-0.395000000000001 1.227999999980067 0.833000000000000
-0.396000000000001 1.228999999980067 0.833000000000000
-0.397000000000001 1.229999999980067 0.833000000000000
-0.398000000000001 1.230999999980067 0.833000000000000
-0.399000000000001 1.231999999980067 0.833000000000000
-0.400000000000001 1.232999999980067 0.833000000000000
-0.401000000000001 1.233999999980067 0.833000000000000
-0.402000000000001 1.234999999980067 0.833000000000000
-0.403000000000001 1.235999999980067 0.833000000000000
-0.404000000000001 1.236999999980067 0.833000000000000
-0.405000000000001 1.237999999980067 0.833000000000000
-0.406000000000001 1.238999999980067 0.833000000000000
-0.407000000000001 1.239999999980067 0.833000000000000
-0.408000000000001 1.240999999980067 0.833000000000000
-0.409000000000001 1.241999999980067 0.833000000000000
-0.410000000000001 1.242999999980067 0.833000000000000
-0.411000000000001 1.243999999980067 0.833000000000000
-0.412000000000001 1.244999999980067 0.833000000000000
-0.413000000000001 1.245999999980067 0.833000000000000
-0.414000000000001 1.246999999980067 0.833000000000000
-0.415000000000001 1.247999999980067 0.833000000000000
-0.416000000000001 1.248999999980067 0.833000000000000
-0.417000000000001 1.249999999980067 0.833000000000000
-0.418000000000001 1.250999999980067 0.833000000000000
-0.419000000000001 1.251999999980067 0.833000000000000
-0.420000000000001 1.252999999980067 0.833000000000000
-0.421000000000001 1.253999999980067 0.833000000000000
-0.422000000000001 1.254999999980067 0.833000000000000
-0.423000000000001 1.255999999980067 0.833000000000000
-0.424000000000001 1.256999999980067 0.833000000000000
-0.425000000000001 1.257999999980067 0.833000000000000
-0.426000000000001 1.258999999980067 0.833000000000000
-0.427000000000001 1.259999999980067 0.833000000000000
-0.428000000000001 1.260999999980067 0.833000000000000
-0.429000000000001 1.261999999980067 0.833000000000000
-0.430000000000001 1.262999999980067 0.833000000000000
-0.431000000000001 1.263999999980067 0.833000000000000
-0.432000000000001 1.264999999980067 0.833000000000000
-0.433000000000001 1.265999999980067 0.833000000000000
-0.434000000000001 1.266999999980067 0.833000000000000
-0.435000000000001 1.267999999980067 0.833000000000000
-0.436000000000001 1.268999999980067 0.833000000000000
-0.437000000000001 1.269999999980067 0.833000000000000
-0.438000000000001 1.270999999980067 0.833000000000000
-0.439000000000001 1.271999999980067 0.833000000000000
-0.440000000000001 1.272999999980067 0.833000000000000
-0.441000000000001 1.273999999980067 0.833000000000000
-0.442000000000001 1.274999999980067 0.833000000000000
-0.443000000000001 1.275999999980067 0.833000000000000
-0.444000000000001 1.276999999980067 0.833000000000000
-0.445000000000001 1.277999999980067 0.833000000000000
-0.446000000000001 1.278999999980067 0.833000000000000
-0.447000000000001 1.279999999980067 0.833000000000000
-0.448000000000001 1.280999999980067 0.833000000000000
-0.449000000000001 1.281999999980067 0.833000000000000
-0.450000000000001 1.282999999980067 0.833000000000000
-0.451000000000001 1.283999999980067 0.833000000000000
-0.452000000000001 1.284999999980067 0.833000000000000
-0.453000000000001 1.285999999980067 0.833000000000000
-0.454000000000001 1.286999999980067 0.833000000000000
-0.455000000000001 1.287999999980067 0.833000000000000
-0.456000000000001 1.288999999980067 0.833000000000000
-0.457000000000001 1.289999999980067 0.833000000000000
-0.458000000000001 1.290999999980067 0.833000000000000
-0.459000000000001 1.291999999980067 0.833000000000000
-0.460000000000001 1.292999999980067 0.833000000000000
-0.461000000000001 1.293999999980067 0.833000000000000
-0.462000000000001 1.294999999980067 0.833000000000000
-0.463000000000001 1.295999999980067 0.833000000000000
-0.464000000000001 1.296999999980067 0.833000000000000
-0.465000000000001 1.297999999980067 0.833000000000000
-0.466000000000001 1.298999999980067 0.833000000000000
-0.467000000000001 1.299999999980067 0.833000000000000
-0.468000000000001 1.300999999980067 0.833000000000000
-0.469000000000001 1.301999999980067 0.833000000000000
-0.470000000000001 1.302999999980067 0.833000000000000
-0.471000000000001 1.303999999980067 0.833000000000000
-0.472000000000001 1.304999999980067 0.833000000000000
-0.473000000000001 1.305999999980067 0.833000000000000
-0.474000000000001 1.306999999980067 0.833000000000000
-0.475000000000001 1.307999999980067 0.833000000000000
-0.476000000000001 1.308999999980067 0.833000000000000
-0.477000000000001 1.309999999980067 0.833000000000000
-0.478000000000001 1.310999999980067 0.833000000000000
-0.479000000000001 1.311999999980067 0.833000000000000
-0.480000000000001 1.312999999980067 0.833000000000000
-0.481000000000001 1.313999999980067 0.833000000000000
-0.482000000000001 1.314999999980067 0.833000000000000
-0.483000000000001 1.315999999980067 0.833000000000000
-0.484000000000001 1.316999999980067 0.833000000000000
-0.485000000000001 1.317999999980067 0.833000000000000
-0.486000000000001 1.318999999980067 0.833000000000000
-0.487000000000001 1.319999999980067 0.833000000000000
-0.488000000000001 1.320999999980067 0.833000000000000
-0.489000000000001 1.321999999980067 0.833000000000000
-0.490000000000001 1.322999999980067 0.833000000000000
-0.491000000000001 1.323999999980067 0.833000000000000
-0.492000000000001 1.324999999980067 0.833000000000000
-0.493000000000001 1.325999999980067 0.833000000000000
-0.494000000000001 1.326999999980067 0.833000000000000
-0.495000000000001 1.327999999980067 0.833000000000000
-0.496000000000001 1.328999999980067 0.833000000000000
-0.497000000000001 1.329999999980067 0.833000000000000
-0.498000000000001 1.330999999980067 0.833000000000000
-0.499000000000001 1.331999999980067 0.833000000000000
-0.500000000000001 1.332999999980067 0.833000000000000
-0.501000000000001 1.333999999980067 0.833000000000000
-0.502000000000001 1.334999999980067 0.833000000000000
-0.503000000000001 1.335999999980067 0.833000000000000
-0.504000000000001 1.336999999980067 0.833000000000000
-0.505000000000001 1.337999999980067 0.833000000000000
-0.506000000000001 1.338999999980067 0.833000000000000
-0.507000000000001 1.339999999980067 0.833000000000000
-0.508000000000001 1.340999999980067 0.833000000000000
-0.509000000000001 1.341999999980067 0.833000000000000
-0.510000000000001 1.342999999980067 0.833000000000000
-0.511000000000001 1.343999999980067 0.833000000000000
-0.512000000000001 1.344999999980067 0.833000000000000
-0.513000000000001 1.345999999980067 0.833000000000000
-0.514000000000001 1.346999999980067 0.833000000000000
-0.515000000000001 1.347999999980067 0.833000000000000
-0.516000000000001 1.348999999980067 0.833000000000000
-0.517000000000001 1.349999999980067 0.833000000000000
-0.518000000000001 1.350999999980067 0.833000000000000
-0.519000000000001 1.351999999980067 0.833000000000000
-0.520000000000001 1.352999999980067 0.833000000000000
-0.521000000000001 1.353999999980067 0.833000000000000
-0.522000000000001 1.354999999980067 0.833000000000000
-0.523000000000001 1.355999999980067 0.833000000000000
-0.524000000000001 1.356999999980067 0.833000000000000
-0.525000000000001 1.357999999980067 0.833000000000000
-0.526000000000001 1.358999999980067 0.833000000000000
-0.527000000000001 1.359999999980067 0.833000000000000
-0.528000000000001 1.360999999980067 0.833000000000000
-0.529000000000001 1.361999999980067 0.833000000000000
-0.530000000000001 1.362999999980067 0.833000000000000
-0.531000000000001 1.363999999980067 0.833000000000000
-0.532000000000001 1.364999999980067 0.833000000000000
-0.533000000000001 1.365999999980067 0.833000000000000
-0.534000000000001 1.366999999980067 0.833000000000000
-0.535000000000001 1.367999999980067 0.833000000000000
-0.536000000000001 1.368999999980067 0.833000000000000
-0.537000000000001 1.369999999980067 0.833000000000000
-0.538000000000001 1.370999999980067 0.833000000000000
-0.539000000000001 1.371999999980067 0.833000000000000
-0.540000000000001 1.372999999980067 0.833000000000000
-0.541000000000001 1.373999999980067 0.833000000000000
-0.542000000000001 1.374999999980067 0.833000000000000
-0.543000000000001 1.375999999980067 0.833000000000000
-0.544000000000001 1.376999999980068 0.833000000000000
-0.545000000000001 1.377999999980067 0.833000000000000
-0.546000000000001 1.378999999980067 0.833000000000000
-0.547000000000001 1.379999999980067 0.833000000000000
-0.548000000000001 1.380999999980068 0.833000000000000
-0.549000000000001 1.381999999980067 0.833000000000000
-0.550000000000001 1.382999999980067 0.833000000000000
-0.551000000000001 1.383999999980067 0.833000000000000
-0.552000000000001 1.384999999980068 0.833000000000000
-0.553000000000001 1.385999999980067 0.833000000000000
-0.554000000000001 1.386999999980067 0.833000000000000
-0.555000000000001 1.387999999980067 0.833000000000000
-0.556000000000001 1.388999999980068 0.833000000000000
-0.557000000000001 1.389999999980067 0.833000000000000
-0.558000000000001 1.390999999980067 0.833000000000000
-0.559000000000001 1.391999999980067 0.833000000000000
-0.560000000000001 1.392999999980068 0.833000000000000
-0.561000000000001 1.393999999980067 0.833000000000000
-0.562000000000001 1.394999999980067 0.833000000000000
-0.563000000000001 1.395999999980067 0.833000000000000
-0.564000000000001 1.396999999980068 0.833000000000000
-0.565000000000001 1.397999999980067 0.833000000000000
-0.566000000000001 1.398999999980067 0.833000000000000
-0.567000000000001 1.399999999980067 0.833000000000000
-0.568000000000001 1.400999999980068 0.833000000000000
-0.569000000000001 1.401999999980067 0.833000000000000
-0.570000000000001 1.402999999980067 0.833000000000000
-0.571000000000001 1.403999999980067 0.833000000000000
-0.572000000000001 1.404999999980068 0.833000000000000
-0.573000000000001 1.405999999980067 0.833000000000000
-0.574000000000001 1.406999999980067 0.833000000000000
-0.575000000000001 1.407999999980067 0.833000000000000
-0.576000000000001 1.408999999980068 0.833000000000000
-0.577000000000001 1.409999999980067 0.833000000000000
-0.578000000000001 1.410999999980067 0.833000000000000
-0.579000000000001 1.411999999980067 0.833000000000000
-0.580000000000001 1.412999999980068 0.833000000000000
-0.581000000000001 1.413999999980067 0.833000000000000
-0.582000000000001 1.414999999980067 0.833000000000000
-0.583000000000001 1.415999999980067 0.833000000000000
-0.584000000000001 1.416999999980068 0.833000000000000
-0.585000000000001 1.417999999980067 0.833000000000000
-0.586000000000001 1.418999999980067 0.833000000000000
-0.587000000000001 1.419999999980067 0.833000000000000
-0.588000000000001 1.420999999980068 0.833000000000000
-0.589000000000001 1.421999999980067 0.833000000000000
-0.590000000000001 1.422999999980067 0.833000000000000
-0.591000000000001 1.423999999980067 0.833000000000000
-0.592000000000001 1.424999999980068 0.833000000000000
-0.593000000000001 1.425999999980067 0.833000000000000
-0.594000000000001 1.426999999980067 0.833000000000000
-0.595000000000001 1.427999999980067 0.833000000000000
-0.596000000000001 1.428999999980068 0.833000000000000
-0.597000000000001 1.429999999980067 0.833000000000000
-0.598000000000001 1.430999999980067 0.833000000000000
-0.599000000000001 1.431999999980067 0.833000000000000
-0.600000000000001 1.432999999980068 0.833000000000000
-0.601000000000001 1.433999999980067 0.833000000000000
-0.602000000000001 1.434999999980067 0.833000000000000
-0.603000000000001 1.435999999980067 0.833000000000000
-0.604000000000001 1.436999999980068 0.833000000000000
-0.605000000000001 1.437999999980067 0.833000000000000
-0.606000000000001 1.438999999980067 0.833000000000000
-0.607000000000001 1.439999999980067 0.833000000000000
-0.608000000000001 1.440999999980068 0.833000000000000
-0.609000000000001 1.441999999980067 0.833000000000000
-0.610000000000001 1.442999999980067 0.833000000000000
-0.611000000000001 1.443999999980067 0.833000000000000
-0.612000000000001 1.444999999980068 0.833000000000000
-0.613000000000001 1.445999999980067 0.833000000000000
-0.614000000000001 1.446999999980067 0.833000000000000
-0.615000000000001 1.447999999980067 0.833000000000000
-0.616000000000001 1.448999999980068 0.833000000000000
-0.617000000000001 1.449999999980067 0.833000000000000
-0.618000000000001 1.450999999980067 0.833000000000000
-0.619000000000001 1.451999999980067 0.833000000000000
-0.620000000000001 1.452999999980068 0.833000000000000
-0.621000000000001 1.453999999980067 0.833000000000000
-0.622000000000001 1.454999999980067 0.833000000000000
-0.623000000000001 1.455999999980067 0.833000000000000
-0.624000000000001 1.456999999980068 0.833000000000000
-0.625000000000001 1.457999999980067 0.833000000000000
-0.626000000000001 1.458999999980067 0.833000000000000
-0.627000000000001 1.459999999980067 0.833000000000000
-0.628000000000001 1.460999999980068 0.833000000000000
-0.629000000000001 1.461999999980067 0.833000000000000
-0.630000000000001 1.462999999980067 0.833000000000000
-0.631000000000001 1.463999999980067 0.833000000000000
-0.632000000000001 1.464999999980068 0.833000000000000
-0.633000000000001 1.465999999980067 0.833000000000000
-0.634000000000001 1.466999999980067 0.833000000000000
-0.635000000000001 1.467999999980067 0.833000000000000
-0.636000000000001 1.468999999980068 0.833000000000000
-0.637000000000001 1.469999999980067 0.833000000000000
-0.638000000000001 1.470999999980067 0.833000000000000
-0.639000000000001 1.471999999980067 0.833000000000000
-0.640000000000001 1.472999999980068 0.833000000000000
-0.641000000000001 1.473999999980067 0.833000000000000
-0.642000000000001 1.474999999980067 0.833000000000000
-0.643000000000001 1.475999999980067 0.833000000000000
-0.644000000000001 1.476999999980068 0.833000000000000
-0.645000000000001 1.477999999980067 0.833000000000000
-0.646000000000001 1.478999999980067 0.833000000000000
-0.647000000000001 1.479999999980067 0.833000000000000
-0.648000000000001 1.480999999980068 0.833000000000000
-0.649000000000001 1.481999999980067 0.833000000000000
-0.650000000000001 1.482999999980067 0.833000000000000
-0.651000000000001 1.483999999980067 0.833000000000000
-0.652000000000001 1.484999999980068 0.833000000000000
-0.653000000000001 1.485999999980067 0.833000000000000
-0.654000000000001 1.486999999980067 0.833000000000000
-0.655000000000001 1.487999999980067 0.833000000000000
-0.656000000000001 1.488999999980068 0.833000000000000
-0.657000000000001 1.489999999980067 0.833000000000000
-0.658000000000001 1.490999999980067 0.833000000000000
-0.659000000000001 1.491999999980067 0.833000000000000
-0.660000000000001 1.492999999980068 0.833000000000000
-0.661000000000001 1.493999999980067 0.833000000000000
-0.662000000000001 1.494999999980067 0.833000000000000
-0.663000000000001 1.495999999980067 0.833000000000000
-0.664000000000001 1.496999999980068 0.833000000000000
-0.665000000000001 1.497999999980067 0.833000000000000
-0.666000000000001 1.498999999980067 0.833000000000000
-0.667000000000001 1.499999999980067 0.833000000000000
-0.668000000000001 1.500999999980068 0.833000000000000
-0.669000000000001 1.501999999980068 0.833000000000000
-0.670000000000001 1.502999999980067 0.833000000000000
-0.671000000000001 1.503999999980067 0.833000000000000
-0.672000000000001 1.504999999980068 0.833000000000000
-0.673000000000001 1.505999999980068 0.833000000000000
-0.674000000000001 1.506999999980067 0.833000000000000
-0.675000000000001 1.507999999980067 0.833000000000000
-0.676000000000001 1.508999999980068 0.833000000000000
-0.677000000000001 1.509999999980068 0.833000000000000
-0.678000000000001 1.510999999980067 0.833000000000000
-0.679000000000001 1.511999999980067 0.833000000000000
-0.680000000000001 1.512999999980068 0.833000000000000
-0.681000000000001 1.513999999980068 0.833000000000000
-0.682000000000001 1.514999999980067 0.833000000000000
-0.683000000000001 1.515999999980067 0.833000000000000
-0.684000000000001 1.516999999980068 0.833000000000000
