0.315000000000000 0.517999999991612 0.833000000000000
0.316000000000000 0.516999999979628 0.833000000000000
0.317000000000000 0.515999999979628 0.833000000000000
0.318000000000000 0.514999999979628 0.833000000000000
0.319000000000000 0.513999999979628 0.833000000000000
0.320000000000000 0.512999999979628 0.833000000000000
0.321000000000000 0.511999999979628 0.833000000000000
0.322000000000000 0.510999999979628 0.833000000000000
0.323000000000000 0.509999999979628 0.833000000000000
0.324000000000000 0.508999999979628 0.833000000000000
0.325000000000000 0.507999999979628 0.833000000000000
0.326000000000000 0.506999999979628 0.833000000000000
0.327000000000000 0.505999999979628 0.833000000000000
0.328000000000000 0.504999999979628 0.833000000000000
0.329000000000000 0.503999999979628 0.833000000000000
0.330000000000000 0.502999999979628 0.833000000000000
0.331000000000000 0.501999999979628 0.833000000000000
0.332000000000000 0.500999999979628 0.833000000000000
0.333000000000000 0.499999999979628 0.833000000000000
0.334000000000000 0.498999999979628 0.833000000000000
0.335000000000000 0.497999999979628 0.833000000000000
0.336000000000000 0.496999999979628 0.833000000000000
0.337000000000000 0.495999999979628 0.833000000000000
0.338000000000000 0.494999999979628 0.833000000000000
0.339000000000000 0.493999999979628 0.833000000000000
0.340000000000000 0.492999999979628 0.833000000000000
0.341000000000000 0.491999999979628 0.833000000000000
0.342000000000000 0.490999999979628 0.833000000000000
0.343000000000000 0.489999999979628 0.833000000000000
0.344000000000000 0.488999999979628 0.833000000000000
0.345000000000000 0.487999999979628 0.833000000000000
0.346000000000000 0.486999999979628 0.833000000000000
0.347000000000000 0.485999999979628 0.833000000000000
0.348000000000000 0.484999999979628 0.833000000000000
0.349000000000000 0.483999999979628 0.833000000000000
0.350000000000000 0.482999999979628 0.833000000000000
0.351000000000000 0.481999999979628 0.833000000000000
0.352000000000000 0.480999999979628 0.833000000000000
0.353000000000000 0.479999999979628 0.833000000000000
0.354000000000000 0.478999999979628 0.833000000000000
0.355000000000000 0.477999999979628 0.833000000000000
0.356000000000000 0.476999999979628 0.833000000000000
0.357000000000000 0.475999999979628 0.833000000000000
0.358000000000000 0.474999999979628 0.833000000000000
0.359000000000000 0.473999999979628 0.833000000000000
0.360000000000000 0.472999999979628 0.833000000000000
0.361000000000000 0.471999999979628 0.833000000000000
0.362000000000000 0.470999999979628 0.833000000000000
0.363000000000000 0.469999999979628 0.833000000000000
0.364000000000000 0.468999999979628 0.833000000000000
0.365000000000000 0.467999999979628 0.833000000000000
0.366000000000000 0.466999999979628 0.833000000000000
0.367000000000000 0.465999999979628 0.833000000000000
0.368000000000000 0.464999999979628 0.833000000000000
0.369000000000000 0.463999999979628 0.833000000000000
0.370000000000000 0.462999999979628 0.833000000000000
0.371000000000000 0.461999999979628 0.833000000000000
0.372000000000000 0.460999999979628 0.833000000000000
0.373000000000000 0.459999999979628 0.833000000000000
0.374000000000000 0.458999999979628 0.833000000000000
0.375000000000000 0.457999999979628 0.833000000000000
0.376000000000000 0.456999999979628 0.833000000000000
0.377000000000000 0.455999999979628 0.833000000000000
0.378000000000000 0.454999999979628 0.833000000000000
0.379000000000000 0.453999999979628 0.833000000000000
0.380000000000000 0.452999999979628 0.833000000000000
0.381000000000000 0.451999999979628 0.833000000000000
0.382000000000000 0.450999999979628 0.833000000000000
0.383000000000000 0.449999999979628 0.833000000000000
0.384000000000000 0.448999999979628 0.833000000000000
0.385000000000000 0.447999999979628 0.833000000000000
0.386000000000000 0.446999999979628 0.833000000000000
0.387000000000000 0.445999999979628 0.833000000000000
0.388000000000000 0.444999999979628 0.833000000000000
0.389000000000000 0.443999999979628 0.833000000000000
0.390000000000000 0.442999999979628 0.833000000000000
0.391000000000000 0.441999999979628 0.833000000000000
0.392000000000000 0.440999999979628 0.833000000000000
0.393000000000000 0.439999999979628 0.833000000000000
0.394000000000000 0.438999999979628 0.833000000000000
0.395000000000000 0.437999999979628 0.833000000000000
0.396000000000000 0.436999999979628 0.833000000000000
0.397000000000000 0.435999999979628 0.833000000000000
0.398000000000000 0.434999999979628 0.833000000000000
0.399000000000000 0.433999999979628 0.833000000000000
0.400000000000000 0.432999999979628 0.833000000000000
0.401000000000000 0.431999999979628 0.833000000000000
0.402000000000000 0.430999999979628 0.833000000000000
0.403000000000000 0.429999999979628 0.833000000000000
0.404000000000000 0.428999999979628 0.833000000000000
0.405000000000000 0.427999999979628 0.833000000000000
0.406000000000000 0.426999999979628 0.833000000000000
0.407000000000000 0.425999999979628 0.833000000000000
0.408000000000000 0.424999999979628 0.833000000000000
0.409000000000000 0.423999999979628 0.833000000000000
0.410000000000000 0.422999999979628 0.833000000000000
0.411000000000000 0.421999999979628 0.833000000000000
0.412000000000000 0.420999999979628 0.833000000000000
0.413000000000000 0.419999999979628 0.833000000000000
0.414000000000000 0.418999999979628 0.833000000000000
0.415000000000000 0.417999999979628 0.833000000000000
0.416000000000000 0.416999999979628 0.833000000000000
0.417000000000000 0.415999999979628 0.833000000000000
0.418000000000000 0.414999999979628 0.833000000000000
0.419000000000000 0.413999999979628 0.833000000000000
0.420000000000000 0.412999999979628 0.833000000000000
0.421000000000000 0.411999999979628 0.833000000000000
0.422000000000000 0.410999999979628 0.833000000000000
0.423000000000000 0.409999999979628 0.833000000000000
0.424000000000000 0.408999999979628 0.833000000000000
0.425000000000000 0.407999999979628 0.833000000000000
0.426000000000000 0.406999999979628 0.833000000000000
0.427000000000000 0.405999999979628 0.833000000000000
0.428000000000000 0.404999999979628 0.833000000000000
0.429000000000000 0.403999999979628 0.833000000000000
0.430000000000000 0.402999999979628 0.833000000000000
0.431000000000000 0.401999999979628 0.833000000000000
0.432000000000000 0.400999999979628 0.833000000000000
0.433000000000000 0.399999999979628 0.833000000000000
0.434000000000000 0.398999999979628 0.833000000000000
0.435000000000000 0.397999999979628 0.833000000000000
0.436000000000000 0.396999999979628 0.833000000000000
0.437000000000000 0.395999999979628 0.833000000000000
0.438000000000000 0.394999999979628 0.833000000000000
0.439000000000000 0.393999999979628 0.833000000000000
0.440000000000000 0.392999999979628 0.833000000000000
0.441000000000000 0.391999999979628 0.833000000000000
0.442000000000000 0.390999999979628 0.833000000000000
0.443000000000000 0.389999999979628 0.833000000000000
0.444000000000000 0.388999999979628 0.833000000000000
0.445000000000000 0.387999999979628 0.833000000000000
0.446000000000000 0.386999999979628 0.833000000000000
0.447000000000000 0.385999999979628 0.833000000000000
0.448000000000000 0.384999999979628 0.833000000000000
0.449000000000000 0.383999999979628 0.833000000000000
0.450000000000000 0.382999999979628 0.833000000000000
0.451000000000000 0.381999999979628 0.833000000000000
0.452000000000000 0.380999999979628 0.833000000000000
0.453000000000000 0.379999999979628 0.833000000000000
0.454000000000000 0.378999999979628 0.833000000000000
0.455000000000000 0.377999999979628 0.833000000000000
0.456000000000000 0.376999999979628 0.833000000000000
0.457000000000000 0.375999999979628 0.833000000000000
0.458000000000000 0.374999999979628 0.833000000000000
0.459000000000000 0.373999999979628 0.833000000000000
0.460000000000000 0.372999999979628 0.833000000000000
0.461000000000000 0.371999999979628 0.833000000000000
0.462000000000000 0.370999999979628 0.833000000000000
0.463000000000000 0.369999999979628 0.833000000000000
0.464000000000000 0.368999999979628 0.833000000000000
0.465000000000000 0.367999999979628 0.833000000000000
0.466000000000000 0.366999999979628 0.833000000000000
0.467000000000000 0.365999999979628 0.833000000000000
0.468000000000000 0.364999999979628 0.833000000000000
0.469000000000000 0.363999999979628 0.833000000000000
0.470000000000000 0.362999999979628 0.833000000000000
0.471000000000000 0.361999999979628 0.833000000000000
0.472000000000000 0.360999999979628 0.833000000000000
0.473000000000000 0.359999999979628 0.833000000000000
0.474000000000000 0.358999999979628 0.833000000000000
0.475000000000000 0.357999999979628 0.833000000000000
0.476000000000000 0.356999999979628 0.833000000000000
0.477000000000000 0.355999999979628 0.833000000000000
0.478000000000000 0.354999999979628 0.833000000000000
0.479000000000000 0.353999999979628 0.833000000000000
0.480000000000000 0.352999999979628 0.833000000000000
0.481000000000000 0.351999999979628 0.833000000000000
0.482000000000000 0.350999999979628 0.833000000000000
0.483000000000000 0.349999999979628 0.833000000000000
0.484000000000000 0.348999999979628 0.833000000000000
0.485000000000000 0.347999999979628 0.833000000000000
0.486000000000000 0.346999999979628 0.833000000000000
0.487000000000000 0.345999999979628 0.833000000000000
0.488000000000000 0.344999999979628 0.833000000000000
0.489000000000000 0.343999999979628 0.833000000000000
0.490000000000000 0.342999999979628 0.833000000000000
0.491000000000000 0.341999999979628 0.833000000000000
0.492000000000000 0.340999999979628 0.833000000000000
0.493000000000000 0.339999999979628 0.833000000000000
0.494000000000000 0.338999999979628 0.833000000000000
0.495000000000000 0.337999999979628 0.833000000000000
0.496000000000000 0.336999999979628 0.833000000000000
0.497000000000000 0.335999999979628 0.833000000000000
0.498000000000000 0.334999999979628 0.833000000000000
0.499000000000000 0.333999999979628 0.833000000000000
0.500000000000000 0.332999999979628 0.833000000000000
0.501000000000000 0.331999999979628 0.833000000000000
0.502000000000000 0.330999999979628 0.833000000000000
0.503000000000000 0.329999999979628 0.833000000000000
0.504000000000000 0.328999999979628 0.833000000000000
0.505000000000000 0.327999999979628 0.833000000000000
0.506000000000000 0.326999999979628 0.833000000000000
0.507000000000000 0.325999999979628 0.833000000000000
0.508000000000000 0.324999999979628 0.833000000000000
0.509000000000000 0.323999999979628 0.833000000000000
0.510000000000000 0.322999999979628 0.833000000000000
0.511000000000000 0.321999999979628 0.833000000000000
0.512000000000000 0.320999999979628 0.833000000000000
0.513000000000000 0.319999999979628 0.833000000000000
0.514000000000000 0.318999999979628 0.833000000000000
0.515000000000000 0.317999999979628 0.833000000000000
0.516000000000000 0.316999999979628 0.833000000000000
0.517000000000000 0.315999999979628 0.833000000000000
0.518000000000000 0.314999999979628 0.833000000000000
0.519000000000000 0.313999999979628 0.833000000000000
0.520000000000000 0.312999999979628 0.833000000000000
0.521000000000000 0.311999999979628 0.833000000000000
0.522000000000000 0.310999999979628 0.833000000000000
0.523000000000000 0.309999999979628 0.833000000000000
0.524000000000000 0.308999999979628 0.833000000000000
0.525000000000000 0.307999999979628 0.833000000000000
0.526000000000000 0.306999999979628 0.833000000000000
0.527000000000000 0.305999999979628 0.833000000000000
0.528000000000000 0.304999999979628 0.833000000000000
0.529000000000000 0.303999999979628 0.833000000000000
0.530000000000000 0.302999999979628 0.833000000000000
0.531000000000000 0.301999999979628 0.833000000000000
0.532000000000000 0.300999999979628 0.833000000000000
0.533000000000000 0.299999999979628 0.833000000000000
0.534000000000000 0.298999999979628 0.833000000000000
0.535000000000000 0.297999999979628 0.833000000000000
0.536000000000000 0.296999999979628 0.833000000000000
0.537000000000000 0.295999999979628 0.833000000000000
0.538000000000000 0.294999999979628 0.833000000000000
0.539000000000000 0.293999999979628 0.833000000000000
0.540000000000000 0.292999999979628 0.833000000000000
0.541000000000000 0.291999999979628 0.833000000000000
0.542000000000000 0.290999999979628 0.833000000000000
0.543000000000000 0.289999999979628 0.833000000000000
0.544000000000000 0.288999999979628 0.833000000000000
0.545000000000000 0.287999999979628 0.833000000000000
0.546000000000000 0.286999999979628 0.833000000000000
0.547000000000000 0.285999999979628 0.833000000000000
0.548000000000000 0.284999999979628 0.833000000000000
0.549000000000000 0.283999999979628 0.833000000000000
0.550000000000000 0.282999999979628 0.833000000000000
0.551000000000000 0.281999999979628 0.833000000000000
0.552000000000000 0.280999999979628 0.833000000000000
0.553000000000000 0.279999999979628 0.833000000000000
0.554000000000000 0.278999999979628 0.833000000000000
0.555000000000000 0.277999999979628 0.833000000000000
0.556000000000000 0.276999999979628 0.833000000000000
0.557000000000000 0.275999999979628 0.833000000000000
0.558000000000000 0.274999999979628 0.833000000000000
0.559000000000000 0.273999999979628 0.833000000000000
0.560000000000000 0.272999999979628 0.833000000000000
0.561000000000000 0.271999999979628 0.833000000000000
0.562000000000000 0.270999999979628 0.833000000000000
0.563000000000000 0.269999999979628 0.833000000000000
0.564000000000000 0.268999999979628 0.833000000000000
0.565000000000000 0.267999999979628 0.833000000000000
0.566000000000000 0.266999999979628 0.833000000000000
0.567000000000000 0.265999999979628 0.833000000000000
0.568000000000000 0.264999999979628 0.833000000000000
0.569000000000000 0.263999999979628 0.833000000000000
0.570000000000000 0.262999999979628 0.833000000000000
0.571000000000000 0.261999999979628 0.833000000000000
0.572000000000000 0.260999999979628 0.833000000000000
0.573000000000000 0.259999999979628 0.833000000000000
0.574000000000000 0.258999999979628 0.833000000000000
0.575000000000000 0.257999999979628 0.833000000000000
0.576000000000000 0.256999999979628 0.833000000000000
0.577000000000000 0.255999999979628 0.833000000000000
0.578000000000000 0.254999999979628 0.833000000000000
0.579000000000000 0.253999999979628 0.833000000000000
0.580000000000000 0.252999999979628 0.833000000000000
0.581000000000000 0.251999999979628 0.833000000000000
0.582000000000000 0.250999999979628 0.833000000000000
0.583000000000000 0.249999999979628 0.833000000000000
0.584000000000000 0.248999999979628 0.833000000000000
0.585000000000000 0.247999999979628 0.833000000000000
0.586000000000000 0.246999999979628 0.833000000000000
0.587000000000000 0.245999999979628 0.833000000000000
0.588000000000000 0.244999999979628 0.833000000000000
0.589000000000000 0.243999999979628 0.833000000000000
0.590000000000000 0.242999999979628 0.833000000000000
0.591000000000000 0.241999999979628 0.833000000000000
0.592000000000000 0.240999999979628 0.833000000000000
0.593000000000000 0.239999999979628 0.833000000000000
0.594000000000000 0.238999999979628 0.833000000000000
0.595000000000000 0.237999999979628 0.833000000000000
0.596000000000000 0.236999999979628 0.833000000000000
0.597000000000000 0.235999999979628 0.833000000000000
0.598000000000000 0.234999999979628 0.833000000000000
0.599000000000000 0.233999999979628 0.833000000000000
0.600000000000000 0.232999999979628 0.833000000000000
0.601000000000000 0.231999999979628 0.833000000000000
0.602000000000000 0.230999999979628 0.833000000000000
0.603000000000000 0.229999999979628 0.833000000000000
0.604000000000000 0.228999999979628 0.833000000000000
0.605000000000000 0.227999999979628 0.833000000000000
0.606000000000000 0.226999999979628 0.833000000000000
0.607000000000000 0.225999999979628 0.833000000000000
0.608000000000000 0.224999999979628 0.833000000000000
0.609000000000000 0.223999999979628 0.833000000000000
0.610000000000000 0.222999999979628 0.833000000000000
0.611000000000000 0.221999999979628 0.833000000000000
0.612000000000000 0.220999999979628 0.833000000000000
0.613000000000000 0.219999999979628 0.833000000000000
0.614000000000000 0.218999999979628 0.833000000000000
0.615000000000000 0.217999999979628 0.833000000000000
0.616000000000000 0.216999999979628 0.833000000000000
0.617000000000000 0.215999999979628 0.833000000000000
0.618000000000000 0.214999999979628 0.833000000000000
0.619000000000000 0.213999999979628 0.833000000000000
0.620000000000000 0.212999999979628 0.833000000000000
0.621000000000000 0.211999999979628 0.833000000000000
0.622000000000000 0.210999999979628 0.833000000000000
0.623000000000000 0.209999999979628 0.833000000000000
0.624000000000000 0.208999999979628 0.833000000000000
0.625000000000000 0.207999999979628 0.833000000000000
0.626000000000000 0.206999999979628 0.833000000000000
0.627000000000000 0.205999999979628 0.833000000000000
0.628000000000000 0.204999999979628 0.833000000000000
0.629000000000000 0.203999999979628 0.833000000000000
0.630000000000000 0.202999999979628 0.833000000000000
0.631000000000000 0.201999999979628 0.833000000000000
0.632000000000000 0.200999999979628 0.833000000000000
0.633000000000000 0.199999999979628 0.833000000000000
0.634000000000000 0.198999999979628 0.833000000000000
0.635000000000000 0.197999999979628 0.833000000000000
0.636000000000000 0.196999999979628 0.833000000000000
0.637000000000000 0.195999999979628 0.833000000000000
0.638000000000000 0.194999999979628 0.833000000000000
0.639000000000000 0.193999999979628 0.833000000000000
0.640000000000000 0.192999999979628 0.833000000000000
0.641000000000000 0.191999999979628 0.833000000000000
0.642000000000000 0.190999999979628 0.833000000000000
0.643000000000000 0.189999999979628 0.833000000000000
0.644000000000000 0.188999999979628 0.833000000000000
0.645000000000000 0.187999999979628 0.833000000000000
0.646000000000000 0.186999999979628 0.833000000000000
0.647000000000000 0.185999999979628 0.833000000000000
0.648000000000000 0.184999999979628 0.833000000000000
0.649000000000000 0.183999999979628 0.833000000000000
0.650000000000000 0.182999999979628 0.833000000000000
0.651000000000000 0.181999999979628 0.833000000000000
0.652000000000000 0.180999999979628 0.833000000000000
0.653000000000000 0.179999999979628 0.833000000000000
0.654000000000000 0.178999999979628 0.833000000000000
0.655000000000000 0.177999999979628 0.833000000000000
0.656000000000000 0.176999999979628 0.833000000000000
0.657000000000000 0.175999999979628 0.833000000000000
0.658000000000000 0.174999999979628 0.833000000000000
0.659000000000000 0.173999999979628 0.833000000000000
0.660000000000000 0.172999999979628 0.833000000000000
0.661000000000000 0.171999999979628 0.833000000000000
0.662000000000000 0.170999999979628 0.833000000000000
0.663000000000000 0.169999999979628 0.833000000000000
0.664000000000000 0.168999999979628 0.833000000000000
0.665000000000000 0.167999999979628 0.833000000000000
0.666000000000000 0.166999999979628 0.833000000000000
0.667000000000000 0.165999999979628 0.833000000000000
0.668000000000000 0.164999999979628 0.833000000000000
0.669000000000000 0.163999999979628 0.833000000000000
0.670000000000000 0.162999999979628 0.833000000000000
0.671000000000000 0.161999999979628 0.833000000000000
0.672000000000000 0.160999999979628 0.833000000000000
0.673000000000000 0.159999999979628 0.833000000000000
0.674000000000000 0.158999999979628 0.833000000000000
0.675000000000000 0.157999999979628 0.833000000000000
0.676000000000000 0.156999999979628 0.833000000000000
0.677000000000000 0.155999999979628 0.833000000000000
0.678000000000000 0.154999999979628 0.833000000000000
0.679000000000000 0.153999999979628 0.833000000000000
0.680000000000000 0.152999999979628 0.833000000000000
0.681000000000000 0.151999999979628 0.833000000000000
0.682000000000000 0.150999999979628 0.833000000000000
0.683000000000000 0.149999999979628 0.833000000000000
0.684000000000000 0.148999999979628 0.833000000000000
0.685000000000000 0.147999999979628 0.833000000000000
0.686000000000000 0.146999999979628 0.833000000000000
0.687000000000000 0.145999999979628 0.833000000000000
0.688000000000000 0.144999999979628 0.833000000000000
0.689000000000000 0.143999999979628 0.833000000000000
0.690000000000000 0.142999999979628 0.833000000000000
0.691000000000000 0.141999999979628 0.833000000000000
0.692000000000000 0.140999999979628 0.833000000000000
0.693000000000000 0.139999999979628 0.833000000000000
0.694000000000000 0.138999999979628 0.833000000000000
0.695000000000000 0.137999999979628 0.833000000000000
0.696000000000000 0.136999999979628 0.833000000000000
0.697000000000000 0.135999999979628 0.833000000000000
0.698000000000000 0.134999999979628 0.833000000000000
0.699000000000000 0.133999999979628 0.833000000000000
0.700000000000000 0.132999999979628 0.833000000000000
0.701000000000000 0.131999999979628 0.833000000000000
0.702000000000000 0.130999999979628 0.833000000000000
0.703000000000000 0.129999999979628 0.833000000000000
0.704000000000000 0.128999999979628 0.833000000000000
0.705000000000000 0.127999999979628 0.833000000000000
0.706000000000000 0.126999999979628 0.833000000000000
0.707000000000000 0.125999999979628 0.833000000000000
0.708000000000000 0.124999999979628 0.833000000000000
0.709000000000000 0.123999999979628 0.833000000000000
0.710000000000000 0.122999999979628 0.833000000000000
0.711000000000000 0.121999999979628 0.833000000000000
0.712000000000000 0.120999999979628 0.833000000000000
0.713000000000000 0.119999999979628 0.833000000000000
0.714000000000000 0.118999999979628 0.833000000000000
0.715000000000000 0.117999999979628 0.833000000000000
0.716000000000000 0.116999999979628 0.833000000000000
0.717000000000000 0.115999999979628 0.833000000000000
0.718000000000000 0.114999999979628 0.833000000000000
0.719000000000000 0.113999999979628 0.833000000000000
0.720000000000000 0.112999999979628 0.833000000000000
0.721000000000000 0.111999999979628 0.833000000000000
0.722000000000000 0.110999999979628 0.833000000000000
0.723000000000000 0.109999999979628 0.833000000000000
0.724000000000000 0.108999999979628 0.833000000000000
0.725000000000000 0.107999999979628 0.833000000000000
0.726000000000000 0.106999999979628 0.833000000000000
0.727000000000000 0.105999999979628 0.833000000000000
0.728000000000000 0.104999999979628 0.833000000000000
0.729000000000000 0.103999999979628 0.833000000000000
0.730000000000000 0.102999999979628 0.833000000000000
0.731000000000000 0.101999999979628 0.833000000000000
0.732000000000000 0.100999999979628 0.833000000000000
0.733000000000000 0.099999999979628 0.833000000000000
0.734000000000000 0.098999999979628 0.833000000000000
0.735000000000000 0.097999999979628 0.833000000000000
0.736000000000000 0.096999999979628 0.833000000000000
0.737000000000000 0.095999999979628 0.833000000000000
0.738000000000000 0.094999999979628 0.833000000000000
0.739000000000000 0.093999999979628 0.833000000000000
0.740000000000000 0.092999999979628 0.833000000000000
0.741000000000000 0.091999999979628 0.833000000000000
0.742000000000000 0.090999999979628 0.833000000000000
0.743000000000000 0.089999999979628 0.833000000000000
0.744000000000000 0.088999999979628 0.833000000000000
0.745000000000000 0.087999999979628 0.833000000000000
0.746000000000000 0.086999999979628 0.833000000000000
0.747000000000000 0.085999999979628 0.833000000000000
0.748000000000000 0.084999999979628 0.833000000000000
0.749000000000000 0.083999999979628 0.833000000000000
0.750000000000000 0.082999999979628 0.833000000000000
0.751000000000000 0.081999999979628 0.833000000000000
0.752000000000000 0.080999999979628 0.833000000000000
0.753000000000000 0.079999999979628 0.833000000000000
0.754000000000000 0.078999999979628 0.833000000000000
0.755000000000000 0.077999999979628 0.833000000000000
0.756000000000000 0.076999999979628 0.833000000000000
0.757000000000000 0.075999999979628 0.833000000000000
0.758000000000000 0.074999999979628 0.833000000000000
0.759000000000000 0.073999999979628 0.833000000000000
0.760000000000000 0.072999999979628 0.833000000000000
0.761000000000000 0.071999999979628 0.833000000000000
0.762000000000000 0.070999999979628 0.833000000000000
0.763000000000000 0.069999999979628 0.833000000000000
0.764000000000000 0.068999999979628 0.833000000000000
0.765000000000000 0.067999999979628 0.833000000000000
0.766000000000000 0.066999999979628 0.833000000000000
0.767000000000000 0.065999999979628 0.833000000000000
0.768000000000000 0.064999999979628 0.833000000000000
0.769000000000000 0.063999999979628 0.833000000000000
0.770000000000000 0.062999999979628 0.833000000000000
0.771000000000000 0.061999999979628 0.833000000000000
0.772000000000000 0.060999999979628 0.833000000000000
0.773000000000000 0.059999999979628 0.833000000000000
0.774000000000000 0.058999999979628 0.833000000000000
0.775000000000000 0.057999999979628 0.833000000000000
0.776000000000000 0.056999999979628 0.833000000000000
0.777000000000000 0.055999999979628 0.833000000000000
0.778000000000000 0.054999999979628 0.833000000000000
0.779000000000000 0.053999999979628 0.833000000000000
0.780000000000000 0.052999999979628 0.833000000000000
0.781000000000000 0.051999999979628 0.833000000000000
0.782000000000000 0.050999999979628 0.833000000000000
0.783000000000000 0.049999999979628 0.833000000000000
0.784000000000000 0.048999999979628 0.833000000000000
0.785000000000000 0.047999999979628 0.833000000000000
0.786000000000000 0.046999999979628 0.833000000000000
0.787000000000000 0.045999999979628 0.833000000000000
0.788000000000000 0.044999999979628 0.833000000000000
0.789000000000000 0.043999999979628 0.833000000000000
0.790000000000000 0.042999999979628 0.833000000000000
0.791000000000000 0.041999999979628 0.833000000000000
0.792000000000000 0.040999999979628 0.833000000000000
0.793000000000000 0.039999999979628 0.833000000000000
0.794000000000000 0.038999999979628 0.833000000000000
0.795000000000000 0.037999999979628 0.833000000000000
0.796000000000000 0.036999999979628 0.833000000000000
0.797000000000000 0.035999999979628 0.833000000000000
0.798000000000000 0.034999999979628 0.833000000000000
0.799000000000000 0.033999999979628 0.833000000000000
0.800000000000000 0.032999999979628 0.833000000000000
0.801000000000000 0.031999999979628 0.833000000000000
0.802000000000000 0.030999999979628 0.833000000000000
0.803000000000000 0.029999999979628 0.833000000000000
0.804000000000000 0.028999999979628 0.833000000000000
0.805000000000000 0.027999999979628 0.833000000000000
0.806000000000000 0.026999999979628 0.833000000000000
0.807000000000000 0.025999999979628 0.833000000000000
0.808000000000000 0.024999999979628 0.833000000000000
0.809000000000000 0.023999999979628 0.833000000000000
0.810000000000000 0.022999999979628 0.833000000000000
0.811000000000000 0.021999999979628 0.833000000000000
0.812000000000000 0.020999999979628 0.833000000000000
0.813000000000000 0.019999999979628 0.833000000000000
0.814000000000000 0.018999999979628 0.833000000000000
0.815000000000000 0.017999999979628 0.833000000000000
0.816000000000000 0.016999999979628 0.833000000000000
0.817000000000000 0.015999999979627 0.833000000000000
0.818000000000000 0.014999999979627 0.833000000000000
0.819000000000000 0.013999999979628 0.833000000000000
0.820000000000000 0.012999999979628 0.833000000000000
0.821000000000000 0.011999999979628 0.833000000000000
0.822000000000000 0.010999999979628 0.833000000000000
0.823000000000000 0.009999999979628 0.833000000000000
0.824000000000000 0.008999999979628 0.833000000000000
0.825000000000000 0.007999999979628 0.833000000000000
0.826000000000000 0.006999999979628 0.833000000000000
0.827000000000000 0.005999999979628 0.833000000000000
0.828000000000000 0.004999999979628 0.833000000000000
0.829000000000000 0.003999999979628 0.833000000000000
0.830000000000000 0.002999999979628 0.833000000000000
0.831000000000000 0.001999999979628 0.833000000000000
0.832000000000000 0.000999999979627 0.833000000000000
0.833000000000000 -0.000000000020373 0.833000000000000
0.834000000000000 -0.001000000020373 0.833000000000000
0.835000000000000 -0.002000000020372 0.833000000000000
0.836000000000000 -0.003000000020372 0.833000000000000
0.837000000000000 -0.004000000020372 0.833000000000000
0.838000000000000 -0.005000000020372 0.833000000000000
0.839000000000000 -0.006000000020372 0.833000000000000
0.840000000000000 -0.007000000020372 0.833000000000000
0.841000000000000 -0.008000000020372 0.833000000000000
0.842000000000000 -0.009000000020372 0.833000000000000
0.843000000000000 -0.010000000020372 0.833000000000000
0.844000000000000 -0.011000000020372 0.833000000000000
0.845000000000000 -0.012000000020372 0.833000000000000
0.846000000000000 -0.013000000020372 0.833000000000000
0.847000000000000 -0.014000000020373 0.833000000000000
0.848000000000000 -0.015000000020373 0.833000000000000
0.849000000000000 -0.016000000020373 0.833000000000000
0.850000000000000 -0.017000000020373 0.833000000000000
0.851000000000000 -0.018000000020372 0.833000000000000
0.852000000000000 -0.019000000020372 0.833000000000000
0.853000000000000 -0.020000000020372 0.833000000000000
0.854000000000000 -0.021000000020372 0.833000000000000
0.855000000000000 -0.022000000020372 0.833000000000000
0.856000000000000 -0.023000000020372 0.833000000000000
0.857000000000000 -0.024000000020372 0.833000000000000
0.858000000000000 -0.025000000020372 0.833000000000000
0.859000000000000 -0.026000000020372 0.833000000000000
0.860000000000000 -0.027000000020372 0.833000000000000
0.861000000000000 -0.028000000020372 0.833000000000000
0.862000000000000 -0.029000000020373 0.833000000000000
0.863000000000000 -0.030000000020373 0.833000000000000
0.864000000000000 -0.031000000020373 0.833000000000000
0.865000000000000 -0.032000000020373 0.833000000000000
0.866000000000000 -0.033000000020372 0.833000000000000
0.867000000000000 -0.034000000020372 0.833000000000000
0.868000000000000 -0.035000000020372 0.833000000000000
0.869000000000000 -0.036000000020372 0.833000000000000
0.870000000000000 -0.037000000020372 0.833000000000000
0.871000000000000 -0.038000000020372 0.833000000000000
0.872000000000000 -0.039000000020372 0.833000000000000
0.873000000000000 -0.040000000020372 0.833000000000000
0.874000000000000 -0.041000000020372 0.833000000000000
0.875000000000000 -0.042000000020372 0.833000000000000
0.876000000000000 -0.043000000020373 0.833000000000000
0.877000000000000 -0.044000000020373 0.833000000000000
0.878000000000000 -0.045000000020373 0.833000000000000
0.879000000000000 -0.046000000020373 0.833000000000000
0.880000000000000 -0.047000000020373 0.833000000000000
0.881000000000000 -0.048000000020373 0.833000000000000
0.882000000000000 -0.049000000020372 0.833000000000000
0.883000000000000 -0.050000000020372 0.833000000000000
0.884000000000000 -0.051000000020372 0.833000000000000
0.885000000000000 -0.052000000020372 0.833000000000000
0.886000000000000 -0.053000000020372 0.833000000000000
0.887000000000000 -0.054000000020372 0.833000000000000
0.888000000000000 -0.055000000020372 0.833000000000000
0.889000000000000 -0.056000000020372 0.833000000000000
0.890000000000000 -0.057000000020372 0.833000000000000
0.891000000000000 -0.058000000020373 0.833000000000000
0.892000000000000 -0.059000000020373 0.833000000000000
0.893000000000000 -0.060000000020373 0.833000000000000
0.894000000000000 -0.061000000020373 0.833000000000000
0.895000000000000 -0.062000000020373 0.833000000000000
0.896000000000000 -0.063000000020373 0.833000000000000
0.897000000000000 -0.064000000020372 0.833000000000000
0.898000000000000 -0.065000000020372 0.833000000000000
0.899000000000000 -0.066000000020372 0.833000000000000
0.900000000000000 -0.067000000020372 0.833000000000000
0.901000000000000 -0.068000000020372 0.833000000000000
0.902000000000000 -0.069000000020372 0.833000000000000
0.903000000000000 -0.070000000020372 0.833000000000000
0.904000000000000 -0.071000000020372 0.833000000000000
0.905000000000000 -0.072000000020373 0.833000000000000
0.906000000000000 -0.073000000020373 0.833000000000000
0.907000000000000 -0.074000000020373 0.833000000000000
0.908000000000000 -0.075000000020373 0.833000000000000
0.909000000000000 -0.076000000020373 0.833000000000000
0.910000000000000 -0.077000000020373 0.833000000000000
0.911000000000000 -0.078000000020373 0.833000000000000
0.912000000000000 -0.079000000020372 0.833000000000000
0.913000000000000 -0.080000000020372 0.833000000000000
0.914000000000000 -0.081000000020372 0.833000000000000
0.915000000000000 -0.082000000020372 0.833000000000000
0.916000000000000 -0.083000000020372 0.833000000000000
0.917000000000000 -0.084000000020372 0.833000000000000
0.918000000000000 -0.085000000020372 0.833000000000000
0.919000000000000 -0.086000000020373 0.833000000000000
0.920000000000000 -0.087000000020373 0.833000000000000
0.921000000000000 -0.088000000020373 0.833000000000000
0.922000000000000 -0.089000000020373 0.833000000000000
0.923000000000000 -0.090000000020373 0.833000000000000
0.924000000000000 -0.091000000020373 0.833000000000000
0.925000000000000 -0.092000000020373 0.833000000000000
0.926000000000000 -0.093000000020373 0.833000000000000
0.927000000000000 -0.094000000020372 0.833000000000000
0.928000000000000 -0.095000000020372 0.833000000000000
0.929000000000000 -0.096000000020372 0.833000000000000
0.930000000000000 -0.097000000020372 0.833000000000000
0.931000000000000 -0.098000000020372 0.833000000000000
0.932000000000000 -0.099000000020372 0.833000000000000
0.933000000000000 -0.100000000020373 0.833000000000000
0.934000000000000 -0.101000000020373 0.833000000000000
0.935000000000000 -0.102000000020373 0.833000000000000
0.936000000000000 -0.103000000020373 0.833000000000000
0.937000000000000 -0.104000000020373 0.833000000000000
0.938000000000001 -0.105000000020373 0.833000000000000
0.939000000000001 -0.106000000020373 0.833000000000000
0.940000000000001 -0.107000000020373 0.833000000000000
0.941000000000001 -0.108000000020373 0.833000000000000
0.942000000000001 -0.109000000020372 0.833000000000000
0.943000000000001 -0.110000000020372 0.833000000000000
0.944000000000001 -0.111000000020372 0.833000000000000
0.945000000000001 -0.112000000020372 0.833000000000000
0.946000000000001 -0.113000000020372 0.833000000000000
0.947000000000001 -0.114000000020372 0.833000000000000
0.948000000000001 -0.115000000020373 0.833000000000000
0.949000000000001 -0.116000000020373 0.833000000000000
0.950000000000001 -0.117000000020373 0.833000000000000
0.951000000000001 -0.118000000020373 0.833000000000000
0.952000000000001 -0.119000000020373 0.833000000000000
0.953000000000001 -0.120000000020373 0.833000000000000
0.954000000000001 -0.121000000020373 0.833000000000000
0.955000000000001 -0.122000000020373 0.833000000000000
0.956000000000001 -0.123000000020373 0.833000000000000
0.957000000000001 -0.124000000020372 0.833000000000000
0.958000000000001 -0.125000000020372 0.833000000000000
0.959000000000001 -0.126000000020372 0.833000000000000
0.960000000000001 -0.127000000020372 0.833000000000000
0.961000000000001 -0.128000000020372 0.833000000000000
0.962000000000001 -0.129000000020372 0.833000000000000
0.963000000000001 -0.130000000020372 0.833000000000000
0.964000000000001 -0.131000000020372 0.833000000000000
0.965000000000001 -0.132000000020372 0.833000000000000
0.966000000000001 -0.133000000020372 0.833000000000000
0.967000000000001 -0.134000000020372 0.833000000000000
0.968000000000001 -0.135000000020372 0.833000000000000
0.969000000000001 -0.136000000020372 0.833000000000000
0.970000000000001 -0.137000000020372 0.833000000000000
0.971000000000001 -0.138000000020372 0.833000000000000
0.972000000000001 -0.139000000020372 0.833000000000000
0.973000000000001 -0.140000000020372 0.833000000000000
0.974000000000001 -0.141000000020372 0.833000000000000
0.975000000000001 -0.142000000020372 0.833000000000000
0.976000000000001 -0.143000000020372 0.833000000000000
0.977000000000001 -0.144000000020372 0.833000000000000
0.978000000000001 -0.145000000020372 0.833000000000000
0.979000000000001 -0.146000000020372 0.833000000000000
0.980000000000001 -0.147000000020372 0.833000000000000
0.981000000000001 -0.148000000020372 0.833000000000000
0.982000000000001 -0.149000000020372 0.833000000000000
0.983000000000001 -0.150000000020372 0.833000000000000
0.984000000000001 -0.151000000020372 0.833000000000000
0.985000000000001 -0.152000000020372 0.833000000000000
0.986000000000001 -0.153000000020372 0.833000000000000
0.987000000000001 -0.154000000020372 0.833000000000000
0.988000000000001 -0.155000000020372 0.833000000000000
0.989000000000001 -0.156000000020372 0.833000000000000
0.990000000000001 -0.157000000020372 0.833000000000000
0.991000000000001 -0.158000000020372 0.833000000000000
0.992000000000001 -0.159000000020372 0.833000000000000
0.993000000000001 -0.160000000020372 0.833000000000000
0.994000000000001 -0.161000000020372 0.833000000000000
0.995000000000001 -0.162000000020372 0.833000000000000
0.996000000000001 -0.163000000020372 0.833000000000000
0.997000000000001 -0.164000000020372 0.833000000000000
0.998000000000001 -0.165000000020372 0.833000000000000
0.999000000000001 -0.166000000020372 0.833000000000000
1.000000000000000 -0.167000000020372 0.833000000000000
1.001000000000000 -0.168000000020372 0.833000000000000
1.002000000000000 -0.169000000020372 0.833000000000000
1.003000000000000 -0.170000000020372 0.833000000000000
1.004000000000000 -0.171000000020372 0.833000000000000
1.005000000000000 -0.172000000020372 0.833000000000000
1.006000000000000 -0.173000000020372 0.833000000000000
1.007000000000000 -0.174000000020372 0.833000000000000
1.008000000000000 -0.175000000020372 0.833000000000000
1.008999999999999 -0.176000000020371 0.833000000000000
1.009999999999999 -0.177000000020371 0.833000000000000
1.010999999999999 -0.178000000020371 0.833000000000000
1.011999999999999 -0.179000000020371 0.833000000000000
1.012999999999999 -0.180000000020371 0.833000000000000
1.013999999999999 -0.181000000020371 0.833000000000000
1.014999999999999 -0.182000000020371 0.833000000000000
1.015999999999999 -0.183000000020371 0.833000000000000
1.016999999999999 -0.184000000020371 0.833000000000000
1.017999999999998 -0.185000000020371 0.833000000000000
1.018999999999998 -0.186000000020370 0.833000000000000
1.019999999999998 -0.187000000020370 0.833000000000000
1.020999999999998 -0.188000000020370 0.833000000000000
1.021999999999998 -0.189000000020370 0.833000000000000
1.022999999999998 -0.190000000020370 0.833000000000000
1.023999999999998 -0.191000000020370 0.833000000000000
1.024999999999998 -0.192000000020370 0.833000000000000
1.025999999999998 -0.193000000020370 0.833000000000000
1.026999999999997 -0.194000000020369 0.833000000000000
1.027999999999997 -0.195000000020369 0.833000000000000
1.028999999999997 -0.196000000020369 0.833000000000000
1.029999999999997 -0.197000000020369 0.833000000000000
1.030999999999997 -0.198000000020369 0.833000000000000
1.031999999999997 -0.199000000020369 0.833000000000000
1.032999999999997 -0.200000000020369 0.833000000000000
1.033999999999997 -0.201000000020369 0.833000000000000
1.034999999999997 -0.202000000020369 0.833000000000000
1.035999999999996 -0.203000000020369 0.833000000000000
1.036999999999996 -0.204000000020368 0.833000000000000
1.037999999999996 -0.205000000020368 0.833000000000000
1.038999999999996 -0.206000000020368 0.833000000000000
1.039999999999996 -0.207000000020368 0.833000000000000
1.040999999999996 -0.208000000020368 0.833000000000000
1.041999999999996 -0.209000000020368 0.833000000000000
1.042999999999996 -0.210000000020368 0.833000000000000
1.043999999999996 -0.211000000020368 0.833000000000000
1.044999999999995 -0.212000000020367 0.833000000000000
1.045999999999995 -0.213000000020367 0.833000000000000
1.046999999999995 -0.214000000020367 0.833000000000000
1.047999999999995 -0.215000000020367 0.833000000000000
1.048999999999995 -0.216000000020367 0.833000000000000
1.049999999999995 -0.217000000020367 0.833000000000000
1.050999999999995 -0.218000000020367 0.833000000000000
1.051999999999995 -0.219000000020367 0.833000000000000
1.052999999999995 -0.220000000020367 0.833000000000000
1.053999999999994 -0.221000000020367 0.833000000000000
1.054999999999994 -0.222000000020366 0.833000000000000
1.055999999999994 -0.223000000020366 0.833000000000000
1.056999999999994 -0.224000000020366 0.833000000000000
1.057999999999994 -0.225000000020366 0.833000000000000
1.058999999999994 -0.226000000020366 0.833000000000000
1.059999999999994 -0.227000000020366 0.833000000000000
1.060999999999994 -0.228000000020366 0.833000000000000
1.061999999999994 -0.229000000020366 0.833000000000000
1.062999999999994 -0.230000000020365 0.833000000000000
1.063999999999993 -0.231000000020365 0.833000000000000
1.064999999999993 -0.232000000020365 0.833000000000000
1.065999999999993 -0.233000000020365 0.833000000000000
1.066999999999993 -0.234000000020365 0.833000000000000
1.067999999999993 -0.235000000020365 0.833000000000000
1.068999999999993 -0.236000000020365 0.833000000000000
1.069999999999993 -0.237000000020365 0.833000000000000
1.070999999999993 -0.238000000020365 0.833000000000000
1.071999999999993 -0.239000000020365 0.833000000000000
1.072999999999992 -0.240000000020364 0.833000000000000
1.073999999999992 -0.241000000020364 0.833000000000000
1.074999999999992 -0.242000000020364 0.833000000000000
1.075999999999992 -0.243000000020364 0.833000000000000
1.076999999999992 -0.244000000020364 0.833000000000000
1.077999999999992 -0.245000000020364 0.833000000000000
1.078999999999992 -0.246000000020364 0.833000000000000
1.079999999999992 -0.247000000020364 0.833000000000000
1.080999999999992 -0.248000000020363 0.833000000000000
1.081999999999991 -0.249000000020363 0.833000000000000
1.082999999999991 -0.250000000020363 0.833000000000000
1.083999999999991 -0.251000000020363 0.833000000000000
1.084999999999991 -0.252000000020363 0.833000000000000
1.085999999999991 -0.253000000020363 0.833000000000000
1.086999999999991 -0.254000000020363 0.833000000000000
1.087999999999991 -0.255000000020363 0.833000000000000
1.088999999999991 -0.256000000020363 0.833000000000000
1.089999999999991 -0.257000000020363 0.833000000000000
1.090999999999990 -0.258000000020362 0.833000000000000
1.091999999999990 -0.259000000020362 0.833000000000000
1.092999999999990 -0.260000000020362 0.833000000000000
1.093999999999990 -0.261000000020362 0.833000000000000
1.094999999999990 -0.262000000020362 0.833000000000000
1.095999999999990 -0.263000000020362 0.833000000000000
1.096999999999990 -0.264000000020362 0.833000000000000
1.097999999999990 -0.265000000020362 0.833000000000000
1.098999999999990 -0.266000000020362 0.833000000000000
1.099999999999989 -0.267000000020362 0.833000000000000
1.100999999999989 -0.268000000020361 0.833000000000000
1.101999999999989 -0.269000000020361 0.833000000000000
1.102999999999989 -0.270000000020361 0.833000000000000
1.103999999999989 -0.271000000020361 0.833000000000000
1.104999999999989 -0.272000000020361 0.833000000000000
1.105999999999989 -0.273000000020361 0.833000000000000
1.106999999999989 -0.274000000020361 0.833000000000000
1.107999999999989 -0.275000000020361 0.833000000000000
1.108999999999988 -0.276000000020360 0.833000000000000
1.109999999999988 -0.277000000020360 0.833000000000000
1.110999999999988 -0.278000000020360 0.833000000000000
1.111999999999988 -0.279000000020360 0.833000000000000
1.112999999999988 -0.280000000020360 0.833000000000000
1.113999999999988 -0.281000000020360 0.833000000000000
1.114999999999988 -0.282000000020360 0.833000000000000
1.115999999999988 -0.283000000020360 0.833000000000000
1.116999999999988 -0.284000000020360 0.833000000000000
1.117999999999987 -0.285000000020360 0.833000000000000
1.118999999999987 -0.286000000020359 0.833000000000000
1.119999999999987 -0.287000000020359 0.833000000000000
1.120999999999987 -0.288000000020359 0.833000000000000
1.121999999999987 -0.289000000020359 0.833000000000000
1.122999999999987 -0.290000000020359 0.833000000000000
1.123999999999987 -0.291000000020359 0.833000000000000
1.124999999999987 -0.292000000020359 0.833000000000000
1.125999999999987 -0.293000000020359 0.833000000000000
1.126999999999986 -0.294000000020358 0.833000000000000
1.127999999999986 -0.295000000020358 0.833000000000000
1.128999999999986 -0.296000000020358 0.833000000000000
1.129999999999986 -0.297000000020358 0.833000000000000
1.130999999999986 -0.298000000020358 0.833000000000000
1.131999999999986 -0.299000000020358 0.833000000000000
1.132999999999986 -0.300000000020358 0.833000000000000
1.133999999999986 -0.301000000020358 0.833000000000000
1.134999999999986 -0.302000000020358 0.833000000000000
1.135999999999985 -0.303000000020358 0.833000000000000
1.136999999999985 -0.304000000020357 0.833000000000000
1.137999999999985 -0.305000000020357 0.833000000000000
1.138999999999985 -0.306000000020357 0.833000000000000
1.139999999999985 -0.307000000020357 0.833000000000000
1.140999999999985 -0.308000000020357 0.833000000000000
1.141999999999985 -0.309000000020357 0.833000000000000
1.142999999999985 -0.310000000020357 0.833000000000000
1.143999999999985 -0.311000000020357 0.833000000000000
1.144999999999984 -0.312000000020356 0.833000000000000
1.145999999999984 -0.313000000020356 0.833000000000000
1.146999999999984 -0.314000000020356 0.833000000000000
1.147999999999984 -0.315000000020356 0.833000000000000
1.148999999999984 -0.316000000020356 0.833000000000000
1.149999999999984 -0.317000000020356 0.833000000000000
1.150999999999984 -0.318000000020356 0.833000000000000
1.151999999999984 -0.319000000020356 0.833000000000000
1.152999999999984 -0.320000000020356 0.833000000000000
1.153999999999983 -0.321000000020356 0.833000000000000
1.154999999999983 -0.322000000020355 0.833000000000000
1.155999999999983 -0.323000000020355 0.833000000000000
1.156999999999983 -0.324000000020355 0.833000000000000
1.157999999999983 -0.325000000020355 0.833000000000000
1.158999999999983 -0.326000000020355 0.833000000000000
1.159999999999983 -0.327000000020355 0.833000000000000
1.160999999999983 -0.328000000020355 0.833000000000000
1.161999999999983 -0.329000000020355 0.833000000000000
1.162999999999982 -0.330000000020354 0.833000000000000
1.163999999999982 -0.331000000020354 0.833000000000000
1.164999999999982 -0.332000000020354 0.833000000000000
1.165999999999982 -0.333000000020354 0.833000000000000
1.166999999999982 -0.334000000020354 0.833000000000000
1.167999999999982 -0.335000000020354 0.833000000000000
1.168999999999982 -0.336000000020354 0.833000000000000
1.169999999999982 -0.337000000020354 0.833000000000000
1.170999999999982 -0.338000000020354 0.833000000000000
1.171999999999982 -0.339000000020354 0.833000000000000
1.172999999999981 -0.340000000020353 0.833000000000000
1.173999999999981 -0.341000000020353 0.833000000000000
1.174999999999981 -0.342000000020353 0.833000000000000
1.175999999999981 -0.343000000020353 0.833000000000000
1.176999999999981 -0.344000000020353 0.833000000000000
1.177999999999981 -0.345000000020353 0.833000000000000
1.178999999999981 -0.346000000020353 0.833000000000000
1.179999999999981 -0.347000000020353 0.833000000000000
1.180999999999981 -0.348000000020352 0.833000000000000
1.181999999999980 -0.349000000020352 0.833000000000000
1.182999999999980 -0.350000000020352 0.833000000000000
1.183999999999980 -0.351000000020352 0.833000000000000
1.184999999999980 -0.352000000020352 0.833000000000000
1.185999999999980 -0.353000000020352 0.833000000000000
1.186999999999980 -0.354000000020352 0.833000000000000
1.187999999999980 -0.355000000020352 0.833000000000000
1.188999999999980 -0.356000000020352 0.833000000000000
1.189999999999980 -0.357000000020352 0.833000000000000
1.190999999999979 -0.358000000020351 0.833000000000000
1.191999999999979 -0.359000000020351 0.833000000000000
1.192999999999979 -0.360000000020351 0.833000000000000
1.193999999999979 -0.361000000020351 0.833000000000000
1.194999999999979 -0.362000000020351 0.833000000000000
1.195999999999979 -0.363000000020351 0.833000000000000
1.196999999999979 -0.364000000020351 0.833000000000000
1.197999999999979 -0.365000000020351 0.833000000000000
1.198999999999979 -0.366000000020350 0.833000000000000
1.199999999999978 -0.367000000020350 0.833000000000000
1.200999999999978 -0.368000000020350 0.833000000000000
1.201999999999978 -0.369000000020350 0.833000000000000
1.202999999999978 -0.370000000020350 0.833000000000000
1.203999999999978 -0.371000000020350 0.833000000000000
1.204999999999978 -0.372000000020350 0.833000000000000
1.205999999999978 -0.373000000020350 0.833000000000000
1.206999999999978 -0.374000000020350 0.833000000000000
1.207999999999978 -0.375000000020350 0.833000000000000
1.208999999999977 -0.376000000020349 0.833000000000000
1.209999999999977 -0.377000000020349 0.833000000000000
1.210999999999977 -0.378000000020349 0.833000000000000
1.211999999999977 -0.379000000020349 0.833000000000000
1.212999999999977 -0.380000000020349 0.833000000000000
1.213999999999977 -0.381000000020349 0.833000000000000
1.214999999999977 -0.382000000020349 0.833000000000000
1.215999999999977 -0.383000000020349 0.833000000000000
1.216999999999977 -0.384000000020349 0.833000000000000
1.217999999999976 -0.385000000020349 0.833000000000000
1.218999999999976 -0.386000000020348 0.833000000000000
1.219999999999976 -0.387000000020348 0.833000000000000
1.220999999999976 -0.388000000020348 0.833000000000000
1.221999999999976 -0.389000000020348 0.833000000000000
1.222999999999976 -0.390000000020348 0.833000000000000
1.223999999999976 -0.391000000020348 0.833000000000000
1.224999999999976 -0.392000000020348 0.833000000000000
1.225999999999976 -0.393000000020348 0.833000000000000
1.226999999999975 -0.394000000020347 0.833000000000000
1.227999999999975 -0.395000000020347 0.833000000000000
1.228999999999975 -0.396000000020347 0.833000000000000
1.229999999999975 -0.397000000020347 0.833000000000000
1.230999999999975 -0.398000000020347 0.833000000000000
1.231999999999975 -0.399000000020347 0.833000000000000
1.232999999999975 -0.400000000020347 0.833000000000000
1.233999999999975 -0.401000000020347 0.833000000000000
1.234999999999975 -0.402000000020347 0.833000000000000
1.235999999999974 -0.403000000020347 0.833000000000000
1.236999999999974 -0.404000000020346 0.833000000000000
1.237999999999974 -0.405000000020346 0.833000000000000
1.238999999999974 -0.406000000020346 0.833000000000000
1.239999999999974 -0.407000000020346 0.833000000000000
1.240999999999974 -0.408000000020346 0.833000000000000
1.241999999999974 -0.409000000020346 0.833000000000000
1.242999999999974 -0.410000000020346 0.833000000000000
1.243999999999974 -0.411000000020346 0.833000000000000
1.244999999999973 -0.412000000020345 0.833000000000000
1.245999999999973 -0.413000000020345 0.833000000000000
1.246999999999973 -0.414000000020345 0.833000000000000
1.247999999999973 -0.415000000020345 0.833000000000000
1.248999999999973 -0.416000000020345 0.833000000000000
1.249999999999973 -0.417000000020345 0.833000000000000
1.250999999999973 -0.418000000020345 0.833000000000000
1.251999999999973 -0.419000000020345 0.833000000000000
1.252999999999973 -0.420000000020345 0.833000000000000
1.253999999999972 -0.421000000020345 0.833000000000000
1.254999999999972 -0.422000000020344 0.833000000000000
1.255999999999972 -0.423000000020344 0.833000000000000
1.256999999999972 -0.424000000020344 0.833000000000000
1.257999999999972 -0.425000000020344 0.833000000000000
1.258999999999972 -0.426000000020344 0.833000000000000
1.259999999999972 -0.427000000020344 0.833000000000000
1.260999999999972 -0.428000000020344 0.833000000000000
1.261999999999972 -0.429000000020344 0.833000000000000
1.262999999999971 -0.430000000020343 0.833000000000000
1.263999999999971 -0.431000000020343 0.833000000000000
1.264999999999971 -0.432000000020343 0.833000000000000
1.265999999999971 -0.433000000020343 0.833000000000000
1.266999999999971 -0.434000000020343 0.833000000000000
1.267999999999971 -0.435000000020343 0.833000000000000
1.268999999999971 -0.436000000020343 0.833000000000000
1.269999999999971 -0.437000000020343 0.833000000000000
1.270999999999971 -0.438000000020343 0.833000000000000
1.271999999999970 -0.439000000020343 0.833000000000000
1.272999999999970 -0.440000000020342 0.833000000000000
1.273999999999970 -0.441000000020342 0.833000000000000
1.274999999999970 -0.442000000020342 0.833000000000000
1.275999999999970 -0.443000000020342 0.833000000000000
1.276999999999970 -0.444000000020342 0.833000000000000
1.277999999999970 -0.445000000020342 0.833000000000000
1.278999999999970 -0.446000000020342 0.833000000000000
1.279999999999970 -0.447000000020342 0.833000000000000
1.280999999999969 -0.448000000020341 0.833000000000000
1.281999999999969 -0.449000000020341 0.833000000000000
1.282999999999969 -0.450000000020341 0.833000000000000
1.283999999999969 -0.451000000020341 0.833000000000000
1.284999999999969 -0.452000000020341 0.833000000000000
1.285999999999969 -0.453000000020341 0.833000000000000
1.286999999999969 -0.454000000020341 0.833000000000000
1.287999999999969 -0.455000000020341 0.833000000000000
1.288999999999969 -0.456000000020341 0.833000000000000
1.289999999999969 -0.457000000020341 0.833000000000000
1.290999999999968 -0.458000000020340 0.833000000000000
1.291999999999968 -0.459000000020340 0.833000000000000
1.292999999999968 -0.460000000020340 0.833000000000000
1.293999999999968 -0.461000000020340 0.833000000000000
1.294999999999968 -0.462000000020340 0.833000000000000
1.295999999999968 -0.463000000020340 0.833000000000000
1.296999999999968 -0.464000000020340 0.833000000000000
1.297999999999968 -0.465000000020340 0.833000000000000
1.298999999999968 -0.466000000020339 0.833000000000000
1.299999999999967 -0.467000000020339 0.833000000000000
1.300999999999967 -0.468000000020339 0.833000000000000
1.301999999999967 -0.469000000020339 0.833000000000000
1.302999999999967 -0.470000000020339 0.833000000000000
1.303999999999967 -0.471000000020339 0.833000000000000
1.304999999999967 -0.472000000020339 0.833000000000000
1.305999999999967 -0.473000000020339 0.833000000000000
1.306999999999967 -0.474000000020339 0.833000000000000
1.307999999999967 -0.475000000020339 0.833000000000000
1.308999999999966 -0.476000000020338 0.833000000000000
1.309999999999966 -0.477000000020338 0.833000000000000
1.310999999999966 -0.478000000020338 0.833000000000000
1.311999999999966 -0.479000000020338 0.833000000000000
1.312999999999966 -0.480000000020338 0.833000000000000
1.313999999999966 -0.481000000020338 0.833000000000000
