0.505000000000000 1.264698174405925 0.833000000000000
0.504000000000000 1.264808779946682 0.833000000000000
0.503000000000000 1.264925110360734 0.833000000000000
0.502000000000000 1.265047109647060 0.833000000000000
0.501000000000000 1.265174722629003 0.833000000000000
0.500000000000000 1.265307894849213 0.833000000000000
0.499000000000000 1.265446572557806 0.833000000000000
0.498000000000000 1.265590702700781 0.833000000000000
0.497000000000000 1.265740232909457 0.833000000000000
0.496000000000000 1.265895111488476 0.833000000000000
0.495000000000000 1.266055287404787 0.833000000000000
0.494000000000000 1.266220710278022 0.833000000000000
0.493000000000000 1.266391330369611 0.833000000000000
0.492000000000000 1.266567098572618 0.833000000000000
0.491000000000000 1.266747966401647 0.833000000000000
0.490000000000000 1.266933885983102 0.833000000000000
0.489000000000000 1.267124810045460 0.833000000000000
0.488000000000000 1.267320691909780 0.833000000000000
0.487000000000000 1.267521485480495 0.833000000000000
0.486000000000000 1.267727145236358 0.833000000000000
0.485000000000000 1.267937626221301 0.833000000000000
0.484000000000000 1.268152884035760 0.833000000000000
0.483000000000000 1.268372874828151 0.833000000000000
0.482000000000000 1.268597555286305 0.833000000000000
0.481000000000000 1.268826882629170 0.833000000000000
0.480000000000000 1.269060814599507 0.833000000000000
0.479000000000000 1.269299309453636 0.833000000000000
0.478000000000000 1.269542325955753 0.833000000000000
0.477000000000000 1.269789823369440 0.833000000000000
0.476000000000000 1.270041761450163 0.833000000000000
0.475000000000000 1.270298100437895 0.833000000000000
0.474000000000000 1.270558801049722 0.833000000000000
0.473000000000000 1.270823824472694 0.833000000000000
0.472000000000000 1.271093132356902 0.833000000000000
0.471000000000000 1.271366686808473 0.833000000000000
0.470000000000000 1.271644450382762 0.833000000000000
0.469000000000000 1.271926386077751 0.833000000000000
0.468000000000000 1.272212457327475 0.833000000000000
0.467000000000000 1.272502627995640 0.833000000000000
0.466000000000000 1.272796862369186 0.833000000000000
0.465000000000000 1.273095125152196 0.833000000000000
0.464000000000000 1.273397381459756 0.833000000000000
0.463000000000000 1.273703596812423 0.833000000000000
0.462000000000000 1.274013737129380 0.833000000000000
0.461000000000000 1.274327768723073 0.833000000000000
0.460000000000000 1.274645658293781 0.833000000000000
0.459000000000000 1.274967372923872 0.833000000000000
0.458000000000000 1.275292880072330 0.833000000000000
0.457000000000000 1.275622147569371 0.833000000000000
0.456000000000000 1.275955143611067 0.833000000000000
0.455000000000000 1.276291836754232 0.833000000000000
0.454000000000000 1.276632195911241 0.833000000000000
0.453000000000000 1.276976190344979 0.833000000000000
0.452000000000000 1.277323789664041 0.833000000000000
0.451000000000000 1.277674963817541 0.833000000000000
0.450000000000000 1.278029683090720 0.833000000000000
0.449000000000000 1.278387918099986 0.833000000000000
0.448000000000000 1.278749639788395 0.833000000000000
0.447000000000000 1.279114819421043 0.833000000000000
0.446000000000000 1.279483428580660 0.833000000000000
0.445000000000000 1.279855439163135 0.833000000000000
0.444000000000000 1.280230823373755 0.833000000000000
0.443000000000000 1.280609553721737 0.833000000000000
0.442000000000000 1.280991603016860 0.833000000000000
0.441000000000000 1.281376944365376 0.833000000000000
0.440000000000000 1.281765551165786 0.833000000000000
0.439000000000000 1.282157397104971 0.833000000000000
0.438000000000000 1.282552456154205 0.833000000000000
0.437000000000000 1.282950702565271 0.833000000000000
0.436000000000000 1.283352110866725 0.833000000000000
0.435000000000000 1.283756655860173 0.833000000000000
0.434000000000000 1.284164312616637 0.833000000000000
0.433000000000000 1.284575056472794 0.833000000000000
0.432000000000000 1.284988863027605 0.833000000000000
0.431000000000000 1.285405708138795 0.833000000000000
0.430000000000000 1.285825567919257 0.833000000000000
0.429000000000000 1.286248418733865 0.833000000000000
0.428000000000000 1.286674237196120 0.833000000000000
0.427000000000000 1.287103000164663 0.833000000000000
0.426000000000000 1.287534684740381 0.833000000000000
0.425000000000000 1.287969268262911 0.833000000000000
0.424000000000000 1.288406728308153 0.833000000000000
0.423000000000000 1.288847042684099 0.833000000000000
0.422000000000000 1.289290189428594 0.833000000000000
0.421000000000000 1.289736146806157 0.833000000000000
0.420000000000000 1.290184893305198 0.833000000000000
0.419000000000000 1.290636407634934 0.833000000000000
0.418000000000000 1.291090668722653 0.833000000000000
0.417000000000000 1.291547655710885 0.833000000000000
0.416000000000000 1.292007347954600 0.833000000000000
0.415000000000000 1.292469725018617 0.833000000000000
0.414000000000000 1.292934766674822 0.833000000000000
0.413000000000000 1.293402452899531 0.833000000000000
0.412000000000000 1.293872763871015 0.833000000000000
0.411000000000000 1.294345679966806 0.833000000000000
0.410000000000000 1.294821181761316 0.833000000000000
0.409000000000000 1.295299250023269 0.833000000000000
0.408000000000000 1.295779865713264 0.833000000000000
0.407000000000000 1.296263009981469 0.833000000000000
0.406000000000000 1.296748664165158 0.833000000000000
0.405000000000000 1.297236809786414 0.833000000000000
0.404000000000000 1.297727428549863 0.833000000000000
0.403000000000000 1.298220502340393 0.833000000000000
0.402000000000000 1.298716013221212 0.833000000000000
0.401000000000000 1.299213943430745 0.833000000000000
0.400000000000000 1.299714275381479 0.833000000000000
0.399000000000000 1.300216991657309 0.833000000000000
0.398000000000000 1.300722075011728 0.833000000000000
0.397000000000000 1.301229508365483 0.833000000000000
0.396000000000000 1.301739274804759 0.833000000000000
0.395000000000000 1.302251357579029 0.833000000000000
0.394000000000000 1.302765740099168 0.833000000000000
0.393000000000000 1.303282405935435 0.833000000000000
0.392000000000000 1.303801338815579 0.833000000000000
0.391000000000000 1.304322522622982 0.833000000000000
0.390000000000000 1.304845941394720 0.833000000000000
0.389000000000000 1.305371579319808 0.833000000000000
0.388000000000000 1.305899420737308 0.833000000000000
0.387000000000000 1.306429450134599 0.833000000000000
0.386000000000000 1.306961652145573 0.833000000000000
0.385000000000000 1.307496011548972 0.833000000000000
0.384000000000000 1.308032513266565 0.833000000000000
0.383000000000000 1.308571142361547 0.833000000000000
0.382000000000000 1.309111884036902 0.833000000000000
0.381000000000000 1.309654723633637 0.833000000000000
0.380000000000000 1.310199646629297 0.833000000000000
0.379000000000000 1.310746638636537 0.833000000000000
0.378000000000000 1.311295685400901 0.833000000000000
0.377000000000000 1.311846772799907 0.833000000000000
0.376000000000000 1.312399886841292 0.833000000000000
0.375000000000000 1.312955013661527 0.833000000000000
0.374000000000000 1.313512139524385 0.833000000000000
0.373000000000000 1.314071250819356 0.833000000000000
0.372000000000000 1.314632334060356 0.833000000000000
0.371000000000000 1.315195375884141 0.833000000000000
0.370000000000000 1.315760363049004 0.833000000000000
0.369000000000000 1.316327282433391 0.833000000000000
0.368000000000000 1.316896121034463 0.833000000000000
0.367000000000000 1.317466865966822 0.833000000000000
0.366000000000000 1.318039504461137 0.833000000000000
0.365000000000000 1.318614023862859 0.833000000000000
0.364000000000000 1.319190411630900 0.833000000000000
0.363000000000000 1.319768655336408 0.833000000000000
0.362000000000000 1.320348742661404 0.833000000000000
0.361000000000000 1.320930661397678 0.833000000000000
0.360000000000000 1.321514399445458 0.833000000000000
0.359000000000000 1.322099944812220 0.833000000000000
0.358000000000000 1.322687285611541 0.833000000000000
0.357000000000000 1.323276410061893 0.833000000000000
0.356000000000000 1.323867306485464 0.833000000000000
0.355000000000000 1.324459963307040 0.833000000000000
0.354000000000000 1.325054369053024 0.833000000000000
0.353000000000000 1.325650512349893 0.833000000000000
0.352000000000000 1.326248381923438 0.833000000000000
0.351000000000000 1.326847966597652 0.833000000000000
0.350000000000000 1.327449255293601 0.833000000000000
0.349000000000000 1.328052237028339 0.833000000000000
0.348000000000000 1.328656900913967 0.833000000000000
0.347000000000000 1.329263236156499 0.833000000000000
0.346000000000000 1.329871232054895 0.833000000000000
0.345000000000000 1.330480878000027 0.833000000000000
0.344000000000000 1.331092163473727 0.833000000000000
0.343000000000000 1.331705078047772 0.833000000000000
0.342000000000000 1.332319611382953 0.833000000000000
0.341000000000000 1.332935753228070 0.833000000000000
0.340000000000000 1.333553493419067 0.833000000000000
0.339000000000000 1.334172821878032 0.833000000000000
0.338000000000000 1.334793728612330 0.833000000000000
0.337000000000000 1.335416203713661 0.833000000000000
0.336000000000000 1.336040237357207 0.833000000000000
0.335000000000000 1.336665819800710 0.833000000000000
0.334000000000000 1.337292941383604 0.833000000000000
0.333000000000000 1.337921592526218 0.833000000000000
0.332000000000000 1.338551763728829 0.833000000000000
0.331000000000000 1.339183445570910 0.833000000000000
0.330000000000000 1.339816628710199 0.833000000000000
0.329000000000000 1.340451303882069 0.833000000000000
0.328000000000000 1.341087461898496 0.833000000000000
0.327000000000000 1.341725093647504 0.833000000000000
0.326000000000000 1.342364190092096 0.833000000000000
0.325000000000000 1.343004742269592 0.833000000000000
0.324000000000000 1.343646741291036 0.833000000000000
0.323000000000000 1.344290178340190 0.833000000000000
0.322000000000000 1.344935044672938 0.833000000000000
0.321000000000000 1.345581331616489 0.833000000000000
0.320000000000000 1.346229030568636 0.833000000000000
0.319000000000000 1.346878132997090 0.833000000000000
0.318000000000000 1.347528630438707 0.833000000000000
0.317000000000000 1.348180514498811 0.833000000000000
0.316000000000000 1.348833776850525 0.833000000000000
0.315000000000000 1.349488409234013 0.833000000000000
0.314000000000000 1.350144403455885 0.833000000000000
0.313000000000000 1.350801751388461 0.833000000000000
0.312000000000000 1.351460444969188 0.833000000000000
0.311000000000000 1.352120476199841 0.833000000000000
0.310000000000000 1.352781837146073 0.833000000000000
0.309000000000000 1.353444519936627 0.833000000000000
0.308000000000000 1.354108516762722 0.833000000000000
0.307000000000000 1.354773819877512 0.833000000000000
0.306000000000000 1.355440421595438 0.833000000000000
0.305000000000000 1.356108314291514 0.833000000000000
0.304000000000000 1.356777490400900 0.833000000000000
0.303000000000000 1.357447942418187 0.833000000000000
0.302000000000000 1.358119662896843 0.833000000000000
0.301000000000000 1.358792644448667 0.833000000000000
0.300000000000000 1.359466879743131 0.833000000000000
0.299000000000000 1.360142361506935 0.833000000000000
0.298000000000000 1.360819082523357 0.833000000000000
0.297000000000000 1.361497035631702 0.833000000000000
0.296000000000000 1.362176213726823 0.833000000000000
0.295000000000000 1.362856609758477 0.833000000000000
0.294000000000000 1.363538216730853 0.833000000000000
0.293000000000000 1.364221027702115 0.833000000000000
0.292000000000000 1.364905035783757 0.833000000000000
0.291000000000000 1.365590234140161 0.833000000000000
0.290000000000000 1.366276615988009 0.833000000000000
0.289000000000000 1.366964174595938 0.833000000000000
0.288000000000000 1.367652903283854 0.833000000000000
0.287000000000000 1.368342795422589 0.833000000000000
0.286000000000000 1.369033844433291 0.833000000000000
0.285000000000000 1.369726043787088 0.833000000000000
0.284000000000000 1.370419387004444 0.833000000000000
0.283000000000000 1.371113867654862 0.833000000000000
0.282000000000000 1.371809479356261 0.833000000000000
0.281000000000000 1.372506215774647 0.833000000000000
0.280000000000000 1.373204070623587 0.833000000000000
0.279000000000000 1.373903037663757 0.833000000000000
0.278000000000000 1.374603110702539 0.833000000000000
0.277000000000000 1.375304283593565 0.833000000000000
0.276000000000000 1.376006550236283 0.833000000000000
0.275000000000000 1.376709904575483 0.833000000000000
0.274000000000000 1.377414340601016 0.833000000000000
0.273000000000000 1.378119852347163 0.833000000000000
0.272000000000000 1.378826433892397 0.833000000000000
0.271000000000000 1.379534079358909 0.833000000000000
0.270000000000000 1.380242782912204 0.833000000000000
0.269000000000000 1.380952538760674 0.833000000000000
0.268000000000000 1.381663341155231 0.833000000000000
0.267000000000000 1.382375184388965 0.833000000000000
0.266000000000000 1.383088062796642 0.833000000000000
0.265000000000000 1.383801970754412 0.833000000000000
0.264000000000000 1.384516902679373 0.833000000000000
0.263000000000000 1.385232853029289 0.833000000000000
0.262000000000000 1.385949816302117 0.833000000000000
0.261000000000000 1.386667787035664 0.833000000000000
0.260000000000000 1.387386759807267 0.833000000000000
0.259000000000000 1.388106729233367 0.833000000000000
0.258000000000000 1.388827689969245 0.833000000000000
0.257000000000000 1.389549636708610 0.833000000000000
0.256000000000000 1.390272564183230 0.833000000000000
0.255000000000000 1.390996467162657 0.833000000000000
0.254000000000000 1.391721340453835 0.833000000000000
0.253000000000000 1.392447178900784 0.833000000000000
0.252000000000000 1.393173977384268 0.833000000000000
0.251000000000000 1.393901730821474 0.833000000000000
0.250000000000000 1.394630434165643 0.833000000000000
0.249000000000000 1.395360082405843 0.833000000000000
0.248000000000000 1.396090670566541 0.833000000000000
0.247000000000000 1.396822193707319 0.833000000000000
0.246000000000000 1.397554646922630 0.833000000000000
0.245000000000000 1.398288025341430 0.833000000000000
0.244000000000000 1.399022324126877 0.833000000000000
0.243000000000000 1.399757538476045 0.833000000000000
0.242000000000000 1.400493663619599 0.833000000000000
0.241000000000000 1.401230694821543 0.833000000000000
0.240000000000000 1.401968627378897 0.833000000000000
0.239000000000000 1.402707456621376 0.833000000000000
0.238000000000000 1.403447177911215 0.833000000000000
0.237000000000000 1.404187786642763 0.833000000000000
0.236000000000000 1.404929278242271 0.833000000000000
0.235000000000000 1.405671648167579 0.833000000000000
0.234000000000000 1.406414891907875 0.833000000000000
0.233000000000000 1.407159004983446 0.833000000000000
0.232000000000000 1.407903982945313 0.833000000000000
0.231000000000000 1.408649821375029 0.833000000000000
0.230000000000000 1.409396515884419 0.833000000000000
0.229000000000000 1.410144062115345 0.833000000000000
0.228000000000000 1.410892455739414 0.833000000000000
0.227000000000000 1.411641692457707 0.833000000000000
0.226000000000000 1.412391768000578 0.833000000000000
0.225000000000000 1.413142678127314 0.833000000000000
0.224000000000000 1.413894418625988 0.833000000000000
0.223000000000000 1.414646985313194 0.833000000000000
0.222000000000000 1.415400374033718 0.833000000000000
0.221000000000000 1.416154580660422 0.833000000000000
0.220000000000000 1.416909601093920 0.833000000000000
0.219000000000000 1.417665431262386 0.833000000000000
0.218000000000000 1.418422067121305 0.833000000000000
0.217000000000000 1.419179504653241 0.833000000000000
0.216000000000000 1.419937739867626 0.833000000000000
0.215000000000000 1.420696768800519 0.833000000000000
0.214000000000000 1.421456587514399 0.833000000000000
0.213000000000000 1.422217192097892 0.833000000000000
0.212000000000000 1.422978578665631 0.833000000000000
0.211000000000000 1.423740743358007 0.833000000000000
0.210000000000000 1.424503682340931 0.833000000000000
0.209000000000000 1.425267391805636 0.833000000000000
0.208000000000000 1.426031867968489 0.833000000000000
0.207000000000000 1.426797107070773 0.833000000000000
0.206000000000000 1.427563105378431 0.833000000000000
0.205000000000000 1.428329859181965 0.833000000000000
0.204000000000000 1.429097364796125 0.833000000000000
0.203000000000000 1.429865618559795 0.833000000000000
0.202000000000000 1.430634616835731 0.833000000000000
0.201000000000000 1.431404356010398 0.833000000000000
0.200000000000000 1.432174832493804 0.833000000000000
0.199000000000000 1.432946042719240 0.833000000000000
0.198000000000000 1.433717983143142 0.833000000000000
0.197000000000000 1.434490650244875 0.833000000000000
0.196000000000000 1.435264040526564 0.833000000000000
0.195000000000000 1.436038150512928 0.833000000000000
0.194000000000000 1.436812976751015 0.833000000000000
0.193000000000000 1.437588515810155 0.833000000000000
0.192000000000000 1.438364764281562 0.833000000000000
0.191000000000000 1.439141718778434 0.833000000000000
0.190000000000000 1.439919375935643 0.833000000000000
0.189000000000000 1.440697732409529 0.833000000000000
0.188000000000000 1.441476784877777 0.833000000000000
0.187000000000000 1.442256530039169 0.833000000000000
0.186000000000000 1.443036964613544 0.833000000000000
0.185000000000000 1.443818085341541 0.833000000000000
0.184000000000000 1.444599888984415 0.833000000000000
0.183000000000000 1.445382372323955 0.833000000000000
0.182000000000000 1.446165532162274 0.833000000000000
0.181000000000000 1.446949365321611 0.833000000000000
0.180000000000000 1.447733868644287 0.833000000000000
0.179000000000000 1.448519038992386 0.833000000000000
0.178000000000000 1.449304873247718 0.833000000000000
0.177000000000000 1.450091368311673 0.833000000000000
0.176000000000000 1.450878521104969 0.833000000000000
0.175000000000000 1.451666328567577 0.833000000000000
0.174000000000000 1.452454787658539 0.833000000000000
0.173000000000000 1.453243895355842 0.833000000000000
0.172000000000000 1.454033648656244 0.833000000000000
0.171000000000000 1.454824044575155 0.833000000000000
0.170000000000000 1.455615080146450 0.833000000000000
0.169000000000000 1.456406752422390 0.833000000000000
0.168000000000000 1.457199058473421 0.833000000000000
0.167000000000000 1.457991995388041 0.833000000000000
0.166000000000000 1.458785560272704 0.833000000000000
0.165000000000000 1.459579750251606 0.833000000000000
0.164000000000000 1.460374562466645 0.833000000000000
0.163000000000000 1.461169994077206 0.833000000000000
0.162000000000000 1.461966042260024 0.833000000000000
0.161000000000000 1.462762704209143 0.833000000000000
0.160000000000000 1.463559977135676 0.833000000000000
0.159000000000000 1.464357858267722 0.833000000000000
0.158000000000000 1.465156344850252 0.833000000000000
0.157000000000000 1.465955434144933 0.833000000000000
0.156000000000000 1.466755123430032 0.833000000000000
0.155000000000000 1.467555410000340 0.833000000000000
0.154000000000000 1.468356291166918 0.833000000000000
0.153000000000000 1.469157764257095 0.833000000000000
0.152000000000000 1.469959826614288 0.833000000000000
0.151000000000000 1.470762475597891 0.833000000000000
0.150000000000000 1.471565708583113 0.833000000000000
0.149000000000000 1.472369522960844 0.833000000000000
0.148000000000000 1.473173916137816 0.833000000000000
0.147000000000000 1.473978885536075 0.833000000000000
0.146000000000000 1.474784428593176 0.833000000000000
0.145000000000000 1.475590542761857 0.833000000000000
0.144000000000000 1.476397225510024 0.833000000000000
0.143000000000000 1.477204474320654 0.833000000000000
0.142000000000000 1.478012286691609 0.833000000000000
0.141000000000000 1.478820660135610 0.833000000000000
0.140000000000000 1.479629592180077 0.833000000000000
0.139000000000000 1.480439080366990 0.833000000000000
0.138000000000000 1.481249122252900 0.833000000000000
0.137000000000000 1.482059715408693 0.833000000000000
0.136000000000000 1.482870857419549 0.833000000000000
0.135000000000000 1.483682545884769 0.833000000000000
0.134000000000000 1.484494778417808 0.833000000000000
0.133000000000000 1.485307552646019 0.833000000000000
0.132000000000000 1.486120866210661 0.833000000000000
0.131000000000000 1.486934716766736 0.833000000000000
0.130000000000000 1.487749101982892 0.833000000000000
0.129000000000000 1.488564019541367 0.833000000000000
0.128000000000000 1.489379467137821 0.833000000000000
0.127000000000000 1.490195442481332 0.833000000000000
0.126000000000000 1.491011943294191 0.833000000000000
0.125000000000000 1.491828967311912 0.833000000000000
0.124000000000000 1.492646512283034 0.833000000000000
0.123000000000000 1.493464575969079 0.833000000000000
0.122000000000000 1.494283156144504 0.833000000000000
0.121000000000000 1.495102250596493 0.833000000000000
0.120000000000000 1.495921857124973 0.833000000000000
0.119000000000000 1.496741973542478 0.833000000000000
0.118000000000000 1.497562597674070 0.833000000000000
0.117000000000000 1.498383727357144 0.833000000000000
0.116000000000000 1.499205360441584 0.833000000000000
0.115000000000000 1.500027494789441 0.833000000000000
0.114000000000000 1.500850128274922 0.833000000000000
0.113000000000000 1.501673258784362 0.833000000000000
0.112000000000000 1.502496884216109 0.833000000000000
0.111000000000000 1.503321002480381 0.833000000000000
0.110000000000000 1.504145611499353 0.833000000000000
0.109000000000000 1.504970709207018 0.833000000000000
0.108000000000000 1.505796293549211 0.833000000000000
0.107000000000000 1.506622362483922 0.833000000000000
0.106000000000000 1.507448913981607 0.833000000000000
0.105000000000000 1.508275945937021 0.833000000000000
0.104000000000000 1.509103456497140 0.833000000000000
0.103000000000000 1.509931443589642 0.833000000000000
0.102000000000000 1.510759905226980 0.833000000000000
0.101000000000000 1.511588839425415 0.833000000000000
0.100000000000000 1.512418244262145 0.833000000000000
