0.505000000000000 1.264698174405925 0.833000000000000
0.506000000000000 1.264593350110028 0.833000000000000
0.507000000000000 1.264494364744469 0.833000000000000
0.508000000000000 1.264401276391662 0.833000000000000
0.509000000000000 1.264314144008132 0.833000000000000
0.510000000000000 1.264233027344929 0.833000000000000
0.511000000000000 1.264157986961031 0.833000000000000
0.512000000000000 1.264089084237169 0.833000000000000
0.513000000000000 1.264026381389834 0.833000000000000
0.514000000000000 1.263969941486495 0.833000000000000
0.515000000000000 1.263919828457193 0.833000000000000
0.516000000000000 1.263876107112785 0.833000000000000
0.517000000000000 1.263838843158768 0.833000000000000
0.518000000000000 1.263808103210962 0.833000000000000
0.519000000000000 1.263783954811309 0.833000000000000
0.520000000000000 1.263766466444085 0.833000000000000
0.521000000000000 1.263755707552366 0.833000000000000
0.522000000000000 1.263751748554936 0.833000000000000
0.523000000000000 1.263754660863489 0.833000000000000
0.524000000000000 1.263764516900192 0.833000000000000
0.525000000000000 1.263781390115818 0.833000000000000
0.526000000000000 1.263805355007787 0.833000000000000
0.527000000000000 1.263836487139232 0.833000000000000
0.528000000000000 1.263874863158425 0.833000000000000
0.529000000000000 1.263920560817258 0.833000000000000
0.530000000000000 1.263973658991484 0.833000000000000
0.531000000000000 1.264034237702095 0.833000000000000
0.532000000000000 1.264102378135637 0.833000000000000
0.533000000000000 1.264178162665504 0.833000000000000
0.534000000000000 1.264261674873678 0.833000000000000
0.535000000000000 1.264352999573042 0.833000000000000
0.536000000000000 1.264452222830214 0.833000000000000
0.537000000000000 1.264559431988618 0.833000000000000
0.538000000000000 1.264674715692397 0.833000000000000
0.539000000000000 1.264798163910784 0.833000000000000
0.540000000000000 1.264929867962759 0.833000000000000
0.541000000000000 1.265069920542761 0.833000000000000
0.542000000000000 1.265218415747257 0.833000000000000
0.543000000000000 1.265375449098874 0.833000000000000
0.544000000000000 1.265541117576003 0.833000000000000
0.545000000000000 1.265715519640169 0.833000000000000
0.546000000000000 1.265898755264128 0.833000000000000
0.547000000000000 1.266090925961229 0.833000000000000
0.548000000000000 1.266292134814902 0.833000000000000
0.549000000000000 1.266502486509285 0.833000000000000
0.550000000000000 1.266722087360360 0.833000000000000
0.551000000000000 1.266951045347833 0.833000000000000
0.552000000000000 1.267189470147828 0.833000000000000
0.553000000000000 1.267437473166378 0.833000000000000
0.554000000000000 1.267695167573410 0.833000000000000
0.555000000000000 1.267962668339076 0.833000000000000
0.556000000000000 1.268240092266161 0.833000000000000
0.557000000000000 1.268527558030109 0.833000000000000
0.558000000000000 1.268825186215862 0.833000000000000
0.559000000000000 1.269133099355998 0.833000000000000
0.560000000000000 1.269451421970427 0.833000000000000
0.561000000000000 1.269780280606379 0.833000000000000
0.562000000000000 1.270119803880068 0.833000000000000
0.563000000000000 1.270470122519085 0.833000000000000
0.564000000000000 1.270831369405586 0.833000000000000
0.565000000000000 1.271203679621083 0.833000000000000
0.566000000000000 1.271587190491821 0.833000000000000
0.567000000000000 1.271982041636507 0.833000000000000
0.568000000000000 1.272388375011659 0.833000000000000
0.569000000000000 1.272806334962464 0.833000000000000
0.570000000000000 1.273236068273624 0.833000000000000
0.571000000000000 1.273677724220195 0.833000000000000
0.572000000000000 1.274131454620644 0.833000000000000
0.573000000000000 1.274597413890948 0.833000000000000
0.574000000000000 1.275075759100415 0.833000000000000
0.575000000000000 1.275566650028437 0.833000000000000
0.576000000000000 1.276070249223357 0.833000000000000
0.577000000000000 1.276586722062306 0.833000000000000
0.578000000000000 1.277116236812888 0.833000000000000
0.579000000000000 1.277658964697856 0.833000000000000
0.580000000000000 1.278215079954893 0.833000000000000
0.581000000000000 1.278784759909039 0.833000000000000
0.582000000000000 1.279368185038544 0.833000000000000
0.583000000000000 1.279965539045362 0.833000000000000
0.584000000000000 1.280577008926730 0.833000000000000
0.585000000000000 1.281202785049460 0.833000000000000
0.586000000000000 1.281843061225660 0.833000000000000
0.587000000000000 1.282498034790614 0.833000000000000
0.588000000000000 1.283167906683136 0.833000000000000
0.589000000000000 1.283852881527550 0.833000000000000
0.590000000000000 1.284553167719541 0.833000000000000
0.591000000000000 1.285268977508219 0.833000000000000
0.592000000000000 1.286000527090827 0.833000000000000
0.593000000000000 1.286748036702279 0.833000000000000
0.594000000000000 1.287511730709223 0.833000000000000
0.595000000000000 1.288291837707064 0.833000000000000
0.596000000000000 1.289088590619229 0.833000000000000
0.597000000000000 1.289902226799542 0.833000000000000
0.598000000000000 1.290732988137651 0.833000000000000
0.599000000000000 1.291581121166889 0.833000000000000
0.600000000000000 1.292446877177131 0.833000000000000
0.601000000000000 1.293330512325381 0.833000000000000
0.602000000000000 1.294232287756274 0.833000000000000
0.603000000000000 1.295152469723986 0.833000000000000
0.604000000000000 1.296091329715718 0.833000000000000
0.605000000000000 1.297049144579970 0.833000000000000
0.606000000000000 1.298026196658753 0.833000000000000
0.607000000000000 1.299022773923447 0.833000000000000
0.608000000000000 1.300039170114700 0.833000000000000
0.609000000000000 1.301075684886509 0.833000000000000
0.610000000000000 1.302132623956386 0.833000000000000
0.611000000000000 1.303210299252888 0.833000000000000
0.612000000000000 1.304309029078038 0.833000000000000
0.613000000000000 1.305429138268562 0.833000000000000
0.614000000000000 1.306570958362473 0.833000000000000
0.615000000000000 1.307734827771323 0.833000000000000
0.616000000000000 1.308921091957350 0.833000000000000
0.617000000000000 1.310130103616709 0.833000000000000
0.618000000000000 1.311362222868044 0.833000000000000
0.619000000000000 1.312617817447687 0.833000000000000
0.620000000000000 1.313897262908671 0.833000000000000
0.621000000000000 1.315200942826118 0.833000000000000
0.622000000000000 1.316529249014875 0.833000000000000
0.623000000000000 1.317882581747189 0.833000000000000
0.624000000000000 1.319261349980059 0.833000000000000
0.625000000000000 1.320665971589426 0.833000000000000
0.626000000000000 1.322096873612069 0.833000000000000
0.627000000000000 1.323554492495420 0.833000000000000
0.628000000000000 1.325039274356272 0.833000000000000
0.629000000000000 1.326551675245117 0.833000000000000
0.630000000000000 1.328092161419665 0.833000000000000
0.631000000000000 1.329661209633746 0.833000000000000
0.632000000000000 1.331259307427821 0.833000000000000
0.633000000000000 1.332886953432409 0.833000000000000
0.634000000000000 1.334544657681468 0.833000000000000
0.635000000000000 1.336232941935879 0.833000000000000
0.636000000000000 1.337952340018687 0.833000000000000
0.637000000000000 1.339703398163270 0.833000000000000
0.638000000000000 1.341486675363955 0.833000000000000
0.639000000000000 1.343302743753869 0.833000000000000
0.640000000000000 1.345152188986016 0.833000000000000
0.641000000000000 1.347035610629219 0.833000000000000
0.642000000000000 1.348953622577872 0.833000000000000
0.643000000000000 1.350906853476677 0.833000000000000
0.644000000000000 1.352895947160070 0.833000000000000
0.645000000000000 1.354921563109265 0.833000000000000
0.646000000000000 1.356984376917508 0.833000000000000
0.647000000000000 1.359085080782946 0.833000000000000
0.648000000000000 1.361224384015147 0.833000000000000
0.649000000000000 1.363403013557426 0.833000000000000
0.650000000000000 1.365621714529993 0.833000000000000
0.651000000000000 1.367881250792769 0.833000000000000
0.652000000000000 1.370182405529295 0.833000000000000
0.653000000000000 1.372525981854962 0.833000000000000
0.654000000000000 1.374912803435257 0.833000000000000
0.655000000000000 1.377343715147108 0.833000000000000
0.656000000000000 1.379819583752107 0.833000000000000
0.657000000000000 1.382341298597392 0.833000000000000
0.658000000000000 1.384909772343406 0.833000000000000
0.659000000000000 1.387525941720392 0.833000000000000
0.660000000000000 1.390190768315188 0.833000000000000
0.661000000000000 1.392905239383873 0.833000000000000
0.662000000000000 1.395670368697409 0.833000000000000
0.663000000000000 1.398487197429625 0.833000000000000
0.664000000000000 1.401356795068708 0.833000000000000
0.665000000000000 1.404280260369124 0.833000000000000
0.666000000000000 1.407258722341580 0.833000000000000
0.667000000000000 1.410293341283746 0.833000000000000
0.668000000000000 1.413385309852017 0.833000000000000
0.669000000000000 1.416535854168056 0.833000000000000
0.670000000000000 1.419746234992480 0.833000000000000
0.671000000000000 1.423017748927244 0.833000000000000
0.672000000000000 1.426351729674352 0.833000000000000
0.673000000000000 1.429749549347208 0.833000000000000
0.674000000000000 1.433212619838406 0.833000000000000
0.675000000000000 1.436742394241184 0.833000000000000
0.676000000000000 1.440340368330645 0.833000000000000
0.677000000000000 1.444008082121544 0.833000000000000
0.678000000000000 1.447747121478456 0.833000000000000
0.679000000000000 1.451559119800881 0.833000000000000
0.680000000000000 1.455445759782231 0.833000000000000
0.681000000000000 1.459408775250622 0.833000000000000
0.682000000000000 1.463449953073288 0.833000000000000
0.683000000000000 1.467571135173553 0.833000000000000
0.684000000000000 1.471774220621563 0.833000000000000
0.685000000000000 1.476061167820738 0.833000000000000
0.686000000000000 1.480433996796011 0.833000000000000
0.687000000000000 1.484894791589303 0.833000000000000
0.688000000000000 1.489445702757542 0.833000000000000
0.689000000000000 1.494088949993152 0.833000000000000
0.690000000000000 1.498826824876610 0.833000000000000
0.691000000000000 1.503661693743601 0.833000000000000
0.692000000000000 1.508596000695056 0.833000000000000
0.693000000000000 1.513632270754792 0.833000000000000
0.694000000000000 1.518773113171893 0.833000000000000
0.695000000000000 1.524021224885833 0.833000000000000
0.696000000000000 1.529379394177982 0.833000000000000
0.697000000000000 1.534850504483407 0.833000000000000
0.698000000000000 1.540437538400105 0.833000000000000
0.699000000000000 1.546143581905126 0.833000000000000
0.700000000000000 1.551971828769043 0.833000000000000
0.701000000000000 1.557925585212210 0.833000000000000
0.702000000000000 1.564008274803142 0.833000000000000
0.703000000000000 1.570223443597408 0.833000000000000
0.704000000000000 1.576574765552791 0.833000000000000
0.705000000000000 1.583066048237535 0.833000000000000
0.706000000000000 1.589701238812767 0.833000000000000
0.707000000000000 1.596484430387153 0.833000000000000
0.708000000000000 1.603419868678980 0.833000000000000
0.709000000000000 1.610511959051677 0.833000000000000
0.710000000000000 1.617765273942486 0.833000000000000
0.711000000000000 1.625184560691511 0.833000000000000
0.712000000000000 1.632774749824050 0.833000000000000
0.713000000000000 1.640540963809874 0.833000000000000
0.714000000000000 1.648488526305293 0.833000000000000
0.715000000000000 1.656622971939315 0.833000000000000
0.716000000000000 1.664950056668238 0.833000000000000
0.717000000000000 1.673475768724753 0.833000000000000
0.718000000000000 1.682206340261006 0.833000000000000
0.719000000000000 1.691148259648789 0.833000000000000
0.720000000000000 1.700308284539392 0.833000000000000
0.721000000000000 1.709693455727191 0.833000000000000
0.722000000000000 1.719311111840337 0.833000000000000
0.723000000000000 1.729168905010518 0.833000000000000
0.724000000000000 1.739274817474567 0.833000000000000
0.725000000000000 1.749637179256467 0.833000000000000
0.726000000000000 1.760264686979952 0.833000000000000
0.727000000000000 1.771166423894669 0.833000000000000
0.728000000000000 1.782351881261303 0.833000000000000
0.729000000000000 1.793830981109318 0.833000000000000
0.730000000000000 1.805614100546498 0.833000000000000
0.731000000000000 1.817712097691800 0.833000000000000
0.732000000000000 1.830136339421283 0.833000000000000
0.733000000000000 1.842898731028942 0.833000000000000
0.734000000000000 1.856011747949540 0.833000000000000
0.735000000000000 1.869488469753234 0.833000000000000
0.736000000000000 1.883342616524728 0.833000000000000
0.737000000000000 1.897588587975338 0.833000000000000
0.738000000000000 1.912241505345605 0.833000000000000
0.739000000000000 1.927317256449753 0.833000000000000
0.740000000000000 1.942832544074684 0.833000000000000
0.741000000000000 1.958804938095943 0.833000000000000
0.742000000000000 1.975252931592837 0.833000000000000
0.743000000000000 1.992196001314462 0.833000000000000
0.744000000000000 2.009654672919318 0.833000000000000
0.745000000000000 2.027650591406539 0.833000000000000
0.746000000000000 2.046206597294785 0.833000000000000
0.747000000000000 2.065346808973699 0.833000000000000
0.748000000000000 2.085096711920549 0.833000000000000
0.749000000000000 2.105483255355479 0.833000000000000
0.750000000000000 2.126534957228301 0.833000000000000
0.751000000000000 2.148282018171880 0.833000000000000
0.752000000000000 2.170756445463713 0.833000000000000
0.753000000000000 2.193992187864509 0.833000000000000
0.754000000000000 2.218025282973392 0.833000000000000
0.755000000000000 2.242894017366506 0.833000000000000
0.756000000000000 2.268639102144027 0.833000000000000
0.757000000000000 2.295303864641627 0.833000000000000
0.758000000000000 2.322934458552095 0.833000000000000
0.759000000000000 2.351580094291474 0.833000000000000
0.760000000000000 2.381293292010879 0.833000000000000
0.761000000000000 2.412130159849744 0.833000000000000
0.762000000000000 2.444150700416610 0.833000000000000
0.763000000000000 2.477419148796761 0.833000000000000
0.764000000000000 2.512004345932956 0.833000000000000
0.765000000000000 2.547980151788431 0.833000000000000
0.766000000000000 2.585425903204071 0.833000000000000
0.767000000000000 2.624426922178626 0.833000000000000
0.768000000000000 2.665075081090977 0.833000000000000
0.769000000000000 2.707469432449624 0.833000000000000
0.770000000000000 2.751716911762701 0.833000000000000
0.771000000000000 2.797933123591410 0.833000000000000
0.772000000000000 2.846243222414856 0.833000000000000
0.773000000000000 2.896782901781837 0.833000000000000
0.774000000000000 2.949699507476992 0.833000000000000
0.775000000000000 3.005153292950836 0.833000000000000
0.776000000000000 3.063318839292883 0.833000000000000
0.777000000000000 3.124386663364180 0.833000000000000
0.778000000000000 3.188565046066861 0.833000000000000
0.779000000000000 3.256082114623458 0.833000000000000
0.780000000000000 3.327188221420537 0.833000000000000
0.781000000000000 3.402158669419800 0.833000000000000
0.782000000000000 3.481296843875429 0.833000000000000
0.783000000000000 3.564937823044661 0.833000000000000
0.784000000000000 3.653452553432076 0.833000000000000
0.785000000000000 3.747252696442648 0.833000000000000
0.786000000000000 3.846796273871812 0.833000000000000
0.787000000000000 3.952594269145969 0.833000000000000
