0.701000000000000 0.499480192078294 0.833000000000000
0.702000000000000 0.498480192096764 0.833000000000000
0.703000000000000 0.497480192096764 0.833000000000000
0.704000000000000 0.496480192096764 0.833000000000000
0.705000000000000 0.495480192096764 0.833000000000000
0.706000000000000 0.494480192096765 0.833000000000000
0.707000000000000 0.493480192096764 0.833000000000000
0.708000000000000 0.492480192096764 0.833000000000000
0.709000000000000 0.491480192096764 0.833000000000000
0.710000000000000 0.490480192096764 0.833000000000000
0.711000000000000 0.489480192096764 0.833000000000000
0.712000000000000 0.488480192096764 0.833000000000000
0.713000000000000 0.487480192096764 0.833000000000000
0.714000000000000 0.486480192096764 0.833000000000000
0.715000000000000 0.485480192096764 0.833000000000000
0.716000000000000 0.484480192096764 0.833000000000000
0.717000000000000 0.483480192096765 0.833000000000000
0.718000000000000 0.482480192096764 0.833000000000000
0.719000000000000 0.481480192096764 0.833000000000000
0.720000000000000 0.480480192096764 0.833000000000000
0.721000000000000 0.479480192096764 0.833000000000000
0.722000000000000 0.478480192096764 0.833000000000000
0.723000000000000 0.477480192096764 0.833000000000000
0.724000000000000 0.476480192096764 0.833000000000000
0.725000000000000 0.475480192096764 0.833000000000000
0.726000000000000 0.474480192096764 0.833000000000000
0.727000000000000 0.473480192096764 0.833000000000000
0.728000000000000 0.472480192096765 0.833000000000000
0.729000000000000 0.471480192096764 0.833000000000000
0.730000000000000 0.470480192096764 0.833000000000000
0.731000000000000 0.469480192096764 0.833000000000000
0.732000000000000 0.468480192096764 0.833000000000000
0.733000000000000 0.467480192096764 0.833000000000000
0.734000000000000 0.466480192096764 0.833000000000000
0.735000000000000 0.465480192096764 0.833000000000000
0.736000000000000 0.464480192096764 0.833000000000000
0.737000000000000 0.463480192096764 0.833000000000000
0.738000000000000 0.462480192096764 0.833000000000000
0.739000000000000 0.461480192096765 0.833000000000000
0.740000000000000 0.460480192096764 0.833000000000000
0.741000000000000 0.459480192096764 0.833000000000000
0.742000000000000 0.458480192096764 0.833000000000000
0.743000000000000 0.457480192096764 0.833000000000000
0.744000000000000 0.456480192096764 0.833000000000000
0.745000000000000 0.455480192096764 0.833000000000000
0.746000000000000 0.454480192096764 0.833000000000000
0.747000000000000 0.453480192096764 0.833000000000000
0.748000000000000 0.452480192096764 0.833000000000000
0.749000000000000 0.451480192096764 0.833000000000000
0.750000000000000 0.450480192096765 0.833000000000000
0.751000000000000 0.449480192096764 0.833000000000000
0.752000000000000 0.448480192096764 0.833000000000000
0.753000000000000 0.447480192096764 0.833000000000000
0.754000000000000 0.446480192096764 0.833000000000000
0.755000000000000 0.445480192096764 0.833000000000000
0.756000000000000 0.444480192096764 0.833000000000000
0.757000000000000 0.443480192096764 0.833000000000000
0.758000000000000 0.442480192096764 0.833000000000000
0.759000000000000 0.441480192096764 0.833000000000000
0.760000000000000 0.440480192096764 0.833000000000000
0.761000000000000 0.439480192096765 0.833000000000000
0.762000000000000 0.438480192096764 0.833000000000000
0.763000000000000 0.437480192096764 0.833000000000000
0.764000000000000 0.436480192096764 0.833000000000000
0.765000000000000 0.435480192096764 0.833000000000000
0.766000000000000 0.434480192096764 0.833000000000000
0.767000000000000 0.433480192096764 0.833000000000000
0.768000000000000 0.432480192096764 0.833000000000000
0.769000000000000 0.431480192096764 0.833000000000000
0.770000000000000 0.430480192096764 0.833000000000000
0.771000000000000 0.429480192096764 0.833000000000000
0.772000000000000 0.428480192096765 0.833000000000000
0.773000000000000 0.427480192096764 0.833000000000000
0.774000000000000 0.426480192096764 0.833000000000000
0.775000000000000 0.425480192096764 0.833000000000000
0.776000000000000 0.424480192096764 0.833000000000000
0.777000000000000 0.423480192096764 0.833000000000000
0.778000000000000 0.422480192096764 0.833000000000000
0.779000000000000 0.421480192096764 0.833000000000000
0.780000000000000 0.420480192096764 0.833000000000000
0.781000000000000 0.419480192096764 0.833000000000000
0.782000000000000 0.418480192096764 0.833000000000000
0.783000000000000 0.417480192096765 0.833000000000000
0.784000000000000 0.416480192096764 0.833000000000000
0.785000000000000 0.415480192096764 0.833000000000000
0.786000000000000 0.414480192096764 0.833000000000000
0.787000000000000 0.413480192096764 0.833000000000000
0.788000000000000 0.412480192096764 0.833000000000000
0.789000000000000 0.411480192096764 0.833000000000000
0.790000000000000 0.410480192096764 0.833000000000000
0.791000000000000 0.409480192096764 0.833000000000000
0.792000000000000 0.408480192096764 0.833000000000000
0.793000000000000 0.407480192096764 0.833000000000000
0.794000000000000 0.406480192096765 0.833000000000000
0.795000000000000 0.405480192096764 0.833000000000000
0.796000000000000 0.404480192096764 0.833000000000000
0.797000000000000 0.403480192096764 0.833000000000000
0.798000000000000 0.402480192096764 0.833000000000000
0.799000000000000 0.401480192096764 0.833000000000000
0.800000000000000 0.400480192096764 0.833000000000000
0.801000000000000 0.399480192096764 0.833000000000000
0.802000000000000 0.398480192096764 0.833000000000000
0.803000000000000 0.397480192096764 0.833000000000000
0.804000000000000 0.396480192096764 0.833000000000000
0.805000000000000 0.395480192096765 0.833000000000000
0.806000000000000 0.394480192096764 0.833000000000000
0.807000000000000 0.393480192096764 0.833000000000000
0.808000000000000 0.392480192096764 0.833000000000000
0.809000000000000 0.391480192096764 0.833000000000000
0.810000000000000 0.390480192096764 0.833000000000000
0.811000000000000 0.389480192096764 0.833000000000000
0.812000000000000 0.388480192096764 0.833000000000000
0.813000000000000 0.387480192096764 0.833000000000000
0.814000000000000 0.386480192096764 0.833000000000000
0.815000000000000 0.385480192096764 0.833000000000000
0.816000000000000 0.384480192096765 0.833000000000000
0.817000000000000 0.383480192096764 0.833000000000000
0.818000000000000 0.382480192096764 0.833000000000000
0.819000000000000 0.381480192096764 0.833000000000000
0.820000000000000 0.380480192096764 0.833000000000000
0.821000000000000 0.379480192096764 0.833000000000000
0.822000000000000 0.378480192096764 0.833000000000000
0.823000000000000 0.377480192096764 0.833000000000000
0.824000000000000 0.376480192096764 0.833000000000000
0.825000000000000 0.375480192096764 0.833000000000000
0.826000000000000 0.374480192096764 0.833000000000000
0.827000000000000 0.373480192096765 0.833000000000000
0.828000000000000 0.372480192096764 0.833000000000000
0.829000000000000 0.371480192096764 0.833000000000000
0.830000000000000 0.370480192096764 0.833000000000000
0.831000000000000 0.369480192096764 0.833000000000000
0.832000000000000 0.368480192096764 0.833000000000000
0.833000000000000 0.367480192096764 0.833000000000000
0.834000000000000 0.366480192096764 0.833000000000000
0.835000000000000 0.365480192096764 0.833000000000000
0.836000000000000 0.364480192096764 0.833000000000000
0.837000000000000 0.363480192096764 0.833000000000000
0.838000000000000 0.362480192096765 0.833000000000000
0.839000000000000 0.361480192096764 0.833000000000000
0.840000000000000 0.360480192096764 0.833000000000000
0.841000000000000 0.359480192096764 0.833000000000000
0.842000000000000 0.358480192096764 0.833000000000000
0.843000000000000 0.357480192096764 0.833000000000000
0.844000000000000 0.356480192096764 0.833000000000000
0.845000000000000 0.355480192096764 0.833000000000000
0.846000000000000 0.354480192096764 0.833000000000000
0.847000000000000 0.353480192096764 0.833000000000000
0.848000000000000 0.352480192096764 0.833000000000000
0.849000000000000 0.351480192096765 0.833000000000000
0.850000000000000 0.350480192096764 0.833000000000000
0.851000000000000 0.349480192096764 0.833000000000000
0.852000000000000 0.348480192096764 0.833000000000000
0.853000000000000 0.347480192096764 0.833000000000000
0.854000000000000 0.346480192096764 0.833000000000000
0.855000000000000 0.345480192096764 0.833000000000000
0.856000000000000 0.344480192096764 0.833000000000000
0.857000000000000 0.343480192096764 0.833000000000000
0.858000000000000 0.342480192096764 0.833000000000000
0.859000000000000 0.341480192096764 0.833000000000000
0.860000000000000 0.340480192096765 0.833000000000000
0.861000000000000 0.339480192096764 0.833000000000000
0.862000000000000 0.338480192096764 0.833000000000000
0.863000000000000 0.337480192096764 0.833000000000000
0.864000000000000 0.336480192096764 0.833000000000000
0.865000000000000 0.335480192096764 0.833000000000000
0.866000000000000 0.334480192096764 0.833000000000000
0.867000000000000 0.333480192096764 0.833000000000000
0.868000000000000 0.332480192096764 0.833000000000000
0.869000000000000 0.331480192096764 0.833000000000000
0.870000000000000 0.330480192096764 0.833000000000000
0.871000000000000 0.329480192096764 0.833000000000000
0.872000000000000 0.328480192096764 0.833000000000000
0.873000000000000 0.327480192096764 0.833000000000000
0.874000000000000 0.326480192096764 0.833000000000000
0.875000000000000 0.325480192096764 0.833000000000000
0.876000000000000 0.324480192096764 0.833000000000000
0.877000000000000 0.323480192096764 0.833000000000000
0.878000000000000 0.322480192096764 0.833000000000000
0.879000000000000 0.321480192096764 0.833000000000000
0.880000000000000 0.320480192096764 0.833000000000000
0.881000000000000 0.319480192096764 0.833000000000000
0.882000000000000 0.318480192096764 0.833000000000000
0.883000000000000 0.317480192096764 0.833000000000000
0.884000000000000 0.316480192096764 0.833000000000000
0.885000000000000 0.315480192096764 0.833000000000000
0.886000000000000 0.314480192096764 0.833000000000000
0.887000000000000 0.313480192096764 0.833000000000000
0.888000000000000 0.312480192096764 0.833000000000000
0.889000000000000 0.311480192096764 0.833000000000000
0.890000000000000 0.310480192096764 0.833000000000000
0.891000000000000 0.309480192096764 0.833000000000000
0.892000000000000 0.308480192096764 0.833000000000000
0.893000000000000 0.307480192096764 0.833000000000000
0.894000000000000 0.306480192096764 0.833000000000000
0.895000000000000 0.305480192096764 0.833000000000000
0.896000000000000 0.304480192096764 0.833000000000000
0.897000000000000 0.303480192096764 0.833000000000000
0.898000000000000 0.302480192096764 0.833000000000000
0.899000000000000 0.301480192096764 0.833000000000000
0.900000000000000 0.300480192096764 0.833000000000000
0.901000000000000 0.299480192096764 0.833000000000000
0.902000000000000 0.298480192096764 0.833000000000000
0.903000000000000 0.297480192096764 0.833000000000000
0.904000000000000 0.296480192096764 0.833000000000000
0.905000000000000 0.295480192096764 0.833000000000000
0.906000000000000 0.294480192096764 0.833000000000000
0.907000000000000 0.293480192096764 0.833000000000000
0.908000000000000 0.292480192096764 0.833000000000000
0.909000000000000 0.291480192096764 0.833000000000000
0.910000000000000 0.290480192096764 0.833000000000000
0.911000000000000 0.289480192096764 0.833000000000000
0.912000000000000 0.288480192096764 0.833000000000000
0.913000000000000 0.287480192096764 0.833000000000000
0.914000000000000 0.286480192096764 0.833000000000000
0.915000000000000 0.285480192096764 0.833000000000000
0.916000000000000 0.284480192096764 0.833000000000000
0.917000000000000 0.283480192096764 0.833000000000000
0.918000000000000 0.282480192096764 0.833000000000000
0.919000000000000 0.281480192096764 0.833000000000000
0.920000000000000 0.280480192096764 0.833000000000000
0.921000000000000 0.279480192096764 0.833000000000000
0.922000000000000 0.278480192096764 0.833000000000000
0.923000000000000 0.277480192096764 0.833000000000000
0.924000000000000 0.276480192096764 0.833000000000000
0.925000000000000 0.275480192096764 0.833000000000000
0.926000000000000 0.274480192096764 0.833000000000000
0.927000000000000 0.273480192096764 0.833000000000000
0.928000000000000 0.272480192096764 0.833000000000000
0.929000000000000 0.271480192096764 0.833000000000000
0.930000000000000 0.270480192096764 0.833000000000000
0.931000000000000 0.269480192096764 0.833000000000000
0.932000000000000 0.268480192096764 0.833000000000000
0.933000000000000 0.267480192096764 0.833000000000000
0.934000000000000 0.266480192096764 0.833000000000000
0.935000000000000 0.265480192096764 0.833000000000000
0.936000000000000 0.264480192096764 0.833000000000000
0.937000000000000 0.263480192096764 0.833000000000000
0.938000000000000 0.262480192096764 0.833000000000000
0.939000000000000 0.261480192096764 0.833000000000000
0.940000000000000 0.260480192096764 0.833000000000000
0.941000000000000 0.259480192096764 0.833000000000000
0.942000000000000 0.258480192096764 0.833000000000000
0.943000000000000 0.257480192096764 0.833000000000000
0.944000000000000 0.256480192096764 0.833000000000000
0.945000000000000 0.255480192096764 0.833000000000000
0.946000000000000 0.254480192096764 0.833000000000000
0.947000000000000 0.253480192096764 0.833000000000000
0.948000000000000 0.252480192096764 0.833000000000000
0.949000000000000 0.251480192096764 0.833000000000000
0.950000000000000 0.250480192096764 0.833000000000000
0.951000000000000 0.249480192096764 0.833000000000000
0.952000000000000 0.248480192096764 0.833000000000000
0.953000000000000 0.247480192096764 0.833000000000000
0.954000000000000 0.246480192096764 0.833000000000000
0.955000000000000 0.245480192096764 0.833000000000000
0.956000000000000 0.244480192096764 0.833000000000000
0.957000000000000 0.243480192096764 0.833000000000000
0.958000000000000 0.242480192096764 0.833000000000000
0.959000000000000 0.241480192096764 0.833000000000000
0.960000000000000 0.240480192096764 0.833000000000000
0.961000000000000 0.239480192096764 0.833000000000000
0.962000000000000 0.238480192096764 0.833000000000000
0.963000000000000 0.237480192096764 0.833000000000000
0.964000000000000 0.236480192096764 0.833000000000000
0.965000000000000 0.235480192096764 0.833000000000000
0.966000000000000 0.234480192096764 0.833000000000000
0.967000000000000 0.233480192096764 0.833000000000000
0.968000000000000 0.232480192096764 0.833000000000000
0.969000000000000 0.231480192096764 0.833000000000000
0.970000000000000 0.230480192096764 0.833000000000000
0.971000000000000 0.229480192096764 0.833000000000000
0.972000000000000 0.228480192096764 0.833000000000000
0.973000000000000 0.227480192096764 0.833000000000000
0.974000000000000 0.226480192096764 0.833000000000000
0.975000000000000 0.225480192096764 0.833000000000000
0.976000000000000 0.224480192096764 0.833000000000000
0.977000000000000 0.223480192096764 0.833000000000000
0.978000000000000 0.222480192096764 0.833000000000000
0.979000000000000 0.221480192096764 0.833000000000000
0.980000000000000 0.220480192096764 0.833000000000000
0.981000000000000 0.219480192096764 0.833000000000000
0.982000000000000 0.218480192096764 0.833000000000000
0.983000000000000 0.217480192096764 0.833000000000000
0.984000000000000 0.216480192096764 0.833000000000000
0.985000000000000 0.215480192096764 0.833000000000000
0.986000000000000 0.214480192096764 0.833000000000000
0.987000000000000 0.213480192096764 0.833000000000000
0.988000000000000 0.212480192096764 0.833000000000000
0.989000000000000 0.211480192096764 0.833000000000000
0.990000000000000 0.210480192096764 0.833000000000000
0.991000000000000 0.209480192096764 0.833000000000000
0.992000000000000 0.208480192096764 0.833000000000000
0.993000000000000 0.207480192096764 0.833000000000000
0.994000000000000 0.206480192096764 0.833000000000000
0.995000000000000 0.205480192096764 0.833000000000000
0.996000000000000 0.204480192096764 0.833000000000000
0.997000000000000 0.203480192096764 0.833000000000000
0.998000000000000 0.202480192096764 0.833000000000000
0.999000000000000 0.201480192096764 0.833000000000000
1.000000000000000 0.200480192096764 0.833000000000000
1.001000000000000 0.199480192096765 0.833000000000000
1.002000000000000 0.198480192096764 0.833000000000000
1.003000000000000 0.197480192096765 0.833000000000000
1.004000000000000 0.196480192096765 0.833000000000000
1.005000000000000 0.195480192096765 0.833000000000000
1.006000000000000 0.194480192096765 0.833000000000000
1.006999999999999 0.193480192096765 0.833000000000000
1.007999999999999 0.192480192096765 0.833000000000000
1.008999999999999 0.191480192096765 0.833000000000000
1.009999999999999 0.190480192096765 0.833000000000000
1.010999999999999 0.189480192096766 0.833000000000000
1.011999999999999 0.188480192096765 0.833000000000000
1.012999999999999 0.187480192096766 0.833000000000000
1.013999999999999 0.186480192096765 0.833000000000000
1.014999999999999 0.185480192096765 0.833000000000000
1.015999999999998 0.184480192096766 0.833000000000000
1.016999999999998 0.183480192096766 0.833000000000000
1.017999999999998 0.182480192096766 0.833000000000000
1.018999999999998 0.181480192096766 0.833000000000000
1.019999999999998 0.180480192096767 0.833000000000000
1.020999999999998 0.179480192096766 0.833000000000000
1.021999999999998 0.178480192096767 0.833000000000000
1.022999999999998 0.177480192096767 0.833000000000000
1.023999999999998 0.176480192096767 0.833000000000000
1.024999999999997 0.175480192096767 0.833000000000000
1.025999999999997 0.174480192096767 0.833000000000000
1.026999999999997 0.173480192096767 0.833000000000000
1.027999999999997 0.172480192096767 0.833000000000000
1.028999999999997 0.171480192096767 0.833000000000000
1.029999999999997 0.170480192096768 0.833000000000000
1.030999999999997 0.169480192096767 0.833000000000000
1.031999999999997 0.168480192096767 0.833000000000000
1.032999999999997 0.167480192096768 0.833000000000000
1.033999999999996 0.166480192096768 0.833000000000000
1.034999999999996 0.165480192096768 0.833000000000000
1.035999999999996 0.164480192096768 0.833000000000000
1.036999999999996 0.163480192096768 0.833000000000000
1.037999999999996 0.162480192096768 0.833000000000000
1.038999999999996 0.161480192096769 0.833000000000000
1.039999999999996 0.160480192096768 0.833000000000000
1.040999999999996 0.159480192096769 0.833000000000000
1.041999999999996 0.158480192096769 0.833000000000000
1.042999999999995 0.157480192096769 0.833000000000000
1.043999999999995 0.156480192096769 0.833000000000000
1.044999999999995 0.155480192096769 0.833000000000000
1.045999999999995 0.154480192096769 0.833000000000000
1.046999999999995 0.153480192096769 0.833000000000000
1.047999999999995 0.152480192096769 0.833000000000000
1.048999999999995 0.151480192096769 0.833000000000000
1.049999999999995 0.150480192096769 0.833000000000000
1.050999999999995 0.149480192096770 0.833000000000000
1.051999999999994 0.148480192096770 0.833000000000000
1.052999999999994 0.147480192096770 0.833000000000000
1.053999999999994 0.146480192096770 0.833000000000000
1.054999999999994 0.145480192096770 0.833000000000000
1.055999999999994 0.144480192096771 0.833000000000000
1.056999999999994 0.143480192096770 0.833000000000000
1.057999999999994 0.142480192096771 0.833000000000000
1.058999999999994 0.141480192096771 0.833000000000000
1.059999999999994 0.140480192096771 0.833000000000000
1.060999999999994 0.139480192096771 0.833000000000000
1.061999999999993 0.138480192096771 0.833000000000000
1.062999999999993 0.137480192096771 0.833000000000000
1.063999999999993 0.136480192096771 0.833000000000000
1.064999999999993 0.135480192096771 0.833000000000000
1.065999999999993 0.134480192096771 0.833000000000000
1.066999999999993 0.133480192096771 0.833000000000000
1.067999999999993 0.132480192096772 0.833000000000000
1.068999999999993 0.131480192096772 0.833000000000000
1.069999999999993 0.130480192096772 0.833000000000000
1.070999999999992 0.129480192096772 0.833000000000000
1.071999999999992 0.128480192096772 0.833000000000000
1.072999999999992 0.127480192096772 0.833000000000000
1.073999999999992 0.126480192096772 0.833000000000000
1.074999999999992 0.125480192096773 0.833000000000000
1.075999999999992 0.124480192096772 0.833000000000000
1.076999999999992 0.123480192096773 0.833000000000000
1.077999999999992 0.122480192096773 0.833000000000000
1.078999999999992 0.121480192096773 0.833000000000000
1.079999999999991 0.120480192096773 0.833000000000000
1.080999999999991 0.119480192096773 0.833000000000000
1.081999999999991 0.118480192096773 0.833000000000000
1.082999999999991 0.117480192096773 0.833000000000000
1.083999999999991 0.116480192096774 0.833000000000000
1.084999999999991 0.115480192096773 0.833000000000000
1.085999999999991 0.114480192096774 0.833000000000000
1.086999999999991 0.113480192096773 0.833000000000000
1.087999999999991 0.112480192096773 0.833000000000000
1.088999999999990 0.111480192096774 0.833000000000000
1.089999999999990 0.110480192096774 0.833000000000000
1.090999999999990 0.109480192096774 0.833000000000000
1.091999999999990 0.108480192096774 0.833000000000000
1.092999999999990 0.107480192096775 0.833000000000000
1.093999999999990 0.106480192096774 0.833000000000000
1.094999999999990 0.105480192096775 0.833000000000000
1.095999999999990 0.104480192096774 0.833000000000000
1.096999999999990 0.103480192096775 0.833000000000000
1.097999999999989 0.102480192096775 0.833000000000000
1.098999999999989 0.101480192096775 0.833000000000000
1.099999999999989 0.100480192096775 0.833000000000000
1.100999999999989 0.099480192096775 0.833000000000000
1.101999999999989 0.098480192096775 0.833000000000000
1.102999999999989 0.097480192096775 0.833000000000000
1.103999999999989 0.096480192096775 0.833000000000000
1.104999999999989 0.095480192096775 0.833000000000000
1.105999999999989 0.094480192096776 0.833000000000000
1.106999999999988 0.093480192096776 0.833000000000000
1.107999999999988 0.092480192096776 0.833000000000000
1.108999999999988 0.091480192096776 0.833000000000000
1.109999999999988 0.090480192096776 0.833000000000000
1.110999999999988 0.089480192096776 0.833000000000000
1.111999999999988 0.088480192096776 0.833000000000000
1.112999999999988 0.087480192096777 0.833000000000000
1.113999999999988 0.086480192096777 0.833000000000000
1.114999999999988 0.085480192096777 0.833000000000000
1.115999999999987 0.084480192096777 0.833000000000000
1.116999999999987 0.083480192096777 0.833000000000000
1.117999999999987 0.082480192096777 0.833000000000000
1.118999999999987 0.081480192096777 0.833000000000000
1.119999999999987 0.080480192096777 0.833000000000000
1.120999999999987 0.079480192096777 0.833000000000000
1.121999999999987 0.078480192096778 0.833000000000000
1.122999999999987 0.077480192096778 0.833000000000000
1.123999999999987 0.076480192096778 0.833000000000000
1.124999999999986 0.075480192096778 0.833000000000000
1.125999999999986 0.074480192096778 0.833000000000000
1.126999999999986 0.073480192096778 0.833000000000000
1.127999999999986 0.072480192096778 0.833000000000000
1.128999999999986 0.071480192096778 0.833000000000000
1.129999999999986 0.070480192096779 0.833000000000000
1.130999999999986 0.069480192096778 0.833000000000000
1.131999999999986 0.068480192096779 0.833000000000000
1.132999999999986 0.067480192096779 0.833000000000000
1.133999999999985 0.066480192096779 0.833000000000000
1.134999999999985 0.065480192096779 0.833000000000000
1.135999999999985 0.064480192096779 0.833000000000000
1.136999999999985 0.063480192096779 0.833000000000000
1.137999999999985 0.062480192096779 0.833000000000000
1.138999999999985 0.061480192096780 0.833000000000000
1.139999999999985 0.060480192096779 0.833000000000000
1.140999999999985 0.059480192096780 0.833000000000000
1.141999999999985 0.058480192096780 0.833000000000000
1.142999999999984 0.057480192096780 0.833000000000000
1.143999999999984 0.056480192096780 0.833000000000000
1.144999999999984 0.055480192096780 0.833000000000000
1.145999999999984 0.054480192096780 0.833000000000000
1.146999999999984 0.053480192096780 0.833000000000000
1.147999999999984 0.052480192096781 0.833000000000000
1.148999999999984 0.051480192096780 0.833000000000000
1.149999999999984 0.050480192096781 0.833000000000000
1.150999999999984 0.049480192096781 0.833000000000000
1.151999999999983 0.048480192096781 0.833000000000000
1.152999999999983 0.047480192096781 0.833000000000000
1.153999999999983 0.046480192096781 0.833000000000000
1.154999999999983 0.045480192096781 0.833000000000000
1.155999999999983 0.044480192096781 0.833000000000000
1.156999999999983 0.043480192096782 0.833000000000000
1.157999999999983 0.042480192096781 0.833000000000000
1.158999999999983 0.041480192096782 0.833000000000000
1.159999999999983 0.040480192096782 0.833000000000000
1.160999999999982 0.039480192096782 0.833000000000000
1.161999999999982 0.038480192096782 0.833000000000000
1.162999999999982 0.037480192096782 0.833000000000000
1.163999999999982 0.036480192096782 0.833000000000000
1.164999999999982 0.035480192096782 0.833000000000000
1.165999999999982 0.034480192096783 0.833000000000000
1.166999999999982 0.033480192096782 0.833000000000000
1.167999999999982 0.032480192096783 0.833000000000000
1.168999999999982 0.031480192096783 0.833000000000000
1.169999999999981 0.030480192096783 0.833000000000000
1.170999999999981 0.029480192096783 0.833000000000000
1.171999999999981 0.028480192096783 0.833000000000000
1.172999999999981 0.027480192096783 0.833000000000000
1.173999999999981 0.026480192096783 0.833000000000000
1.174999999999981 0.025480192096784 0.833000000000000
1.175999999999981 0.024480192096783 0.833000000000000
1.176999999999981 0.023480192096784 0.833000000000000
1.177999999999981 0.022480192096784 0.833000000000000
1.178999999999981 0.021480192096784 0.833000000000000
1.179999999999980 0.020480192096784 0.833000000000000
1.180999999999980 0.019480192096784 0.833000000000000
1.181999999999980 0.018480192096784 0.833000000000000
1.182999999999980 0.017480192096784 0.833000000000000
1.183999999999980 0.016480192096785 0.833000000000000
1.184999999999980 0.015480192096784 0.833000000000000
1.185999999999980 0.014480192096785 0.833000000000000
1.186999999999980 0.013480192096785 0.833000000000000
1.187999999999980 0.012480192096784 0.833000000000000
1.188999999999979 0.011480192096785 0.833000000000000
1.189999999999979 0.010480192096785 0.833000000000000
1.190999999999979 0.009480192096785 0.833000000000000
1.191999999999979 0.008480192096785 0.833000000000000
1.192999999999979 0.007480192096786 0.833000000000000
1.193999999999979 0.006480192096785 0.833000000000000
1.194999999999979 0.005480192096786 0.833000000000000
1.195999999999979 0.004480192096786 0.833000000000000
1.196999999999979 0.003480192096785 0.833000000000000
1.197999999999978 0.002480192096786 0.833000000000000
1.198999999999978 0.001480192096786 0.833000000000000
1.199999999999978 0.000480192096786 0.833000000000000
1.200999999999978 -0.000519807903214 0.833000000000000
1.201999999999978 -0.001519807903213 0.833000000000000
1.202999999999978 -0.002519807903214 0.833000000000000
1.203999999999978 -0.003519807903213 0.833000000000000
1.204999999999978 -0.004519807903214 0.833000000000000
1.205999999999978 -0.005519807903214 0.833000000000000
1.206999999999977 -0.006519807903213 0.833000000000000
1.207999999999977 -0.007519807903213 0.833000000000000
1.208999999999977 -0.008519807903213 0.833000000000000
1.209999999999977 -0.009519807903213 0.833000000000000
1.210999999999977 -0.010519807903212 0.833000000000000
1.211999999999977 -0.011519807903213 0.833000000000000
1.212999999999977 -0.012519807903212 0.833000000000000
1.213999999999977 -0.013519807903213 0.833000000000000
1.214999999999977 -0.014519807903213 0.833000000000000
1.215999999999976 -0.015519807903212 0.833000000000000
1.216999999999976 -0.016519807903212 0.833000000000000
1.217999999999976 -0.017519807903212 0.833000000000000
1.218999999999976 -0.018519807903212 0.833000000000000
1.219999999999976 -0.019519807903211 0.833000000000000
1.220999999999976 -0.020519807903212 0.833000000000000
1.221999999999976 -0.021519807903211 0.833000000000000
1.222999999999976 -0.022519807903212 0.833000000000000
1.223999999999976 -0.023519807903212 0.833000000000000
1.224999999999975 -0.024519807903211 0.833000000000000
1.225999999999975 -0.025519807903211 0.833000000000000
1.226999999999975 -0.026519807903211 0.833000000000000
1.227999999999975 -0.027519807903211 0.833000000000000
1.228999999999975 -0.028519807903210 0.833000000000000
1.229999999999975 -0.029519807903211 0.833000000000000
1.230999999999975 -0.030519807903210 0.833000000000000
1.231999999999975 -0.031519807903211 0.833000000000000
1.232999999999975 -0.032519807903210 0.833000000000000
1.233999999999974 -0.033519807903210 0.833000000000000
1.234999999999974 -0.034519807903210 0.833000000000000
1.235999999999974 -0.035519807903210 0.833000000000000
1.236999999999974 -0.036519807903210 0.833000000000000
1.237999999999974 -0.037519807903210 0.833000000000000
1.238999999999974 -0.038519807903210 0.833000000000000
1.239999999999974 -0.039519807903209 0.833000000000000
1.240999999999974 -0.040519807903210 0.833000000000000
1.241999999999974 -0.041519807903209 0.833000000000000
1.242999999999973 -0.042519807903209 0.833000000000000
1.243999999999973 -0.043519807903209 0.833000000000000
1.244999999999973 -0.044519807903209 0.833000000000000
1.245999999999973 -0.045519807903209 0.833000000000000
1.246999999999973 -0.046519807903209 0.833000000000000
1.247999999999973 -0.047519807903209 0.833000000000000
1.248999999999973 -0.048519807903209 0.833000000000000
1.249999999999973 -0.049519807903209 0.833000000000000
1.250999999999973 -0.050519807903208 0.833000000000000
1.251999999999972 -0.051519807903208 0.833000000000000
1.252999999999972 -0.052519807903208 0.833000000000000
1.253999999999972 -0.053519807903208 0.833000000000000
1.254999999999972 -0.054519807903208 0.833000000000000
1.255999999999972 -0.055519807903208 0.833000000000000
1.256999999999972 -0.056519807903208 0.833000000000000
1.257999999999972 -0.057519807903208 0.833000000000000
1.258999999999972 -0.058519807903208 0.833000000000000
1.259999999999972 -0.059519807903207 0.833000000000000
1.260999999999971 -0.060519807903207 0.833000000000000
1.261999999999971 -0.061519807903207 0.833000000000000
1.262999999999971 -0.062519807903207 0.833000000000000
1.263999999999971 -0.063519807903207 0.833000000000000
1.264999999999971 -0.064519807903207 0.833000000000000
1.265999999999971 -0.065519807903207 0.833000000000000
1.266999999999971 -0.066519807903207 0.833000000000000
1.267999999999971 -0.067519807903207 0.833000000000000
1.268999999999971 -0.068519807903206 0.833000000000000
1.269999999999970 -0.069519807903206 0.833000000000000
1.270999999999970 -0.070519807903206 0.833000000000000
1.271999999999970 -0.071519807903206 0.833000000000000
1.272999999999970 -0.072519807903206 0.833000000000000
1.273999999999970 -0.073519807903206 0.833000000000000
1.274999999999970 -0.074519807903206 0.833000000000000
1.275999999999970 -0.075519807903205 0.833000000000000
1.276999999999970 -0.076519807903205 0.833000000000000
1.277999999999970 -0.077519807903205 0.833000000000000
1.278999999999969 -0.078519807903205 0.833000000000000
1.279999999999969 -0.079519807903205 0.833000000000000
1.280999999999969 -0.080519807903205 0.833000000000000
1.281999999999969 -0.081519807903205 0.833000000000000
1.282999999999969 -0.082519807903205 0.833000000000000
1.283999999999969 -0.083519807903205 0.833000000000000
1.284999999999969 -0.084519807903205 0.833000000000000
1.285999999999969 -0.085519807903204 0.833000000000000
1.286999999999969 -0.086519807903204 0.833000000000000
1.287999999999969 -0.087519807903204 0.833000000000000
1.288999999999968 -0.088519807903204 0.833000000000000
1.289999999999968 -0.089519807903204 0.833000000000000
1.290999999999968 -0.090519807903204 0.833000000000000
1.291999999999968 -0.091519807903204 0.833000000000000
1.292999999999968 -0.092519807903203 0.833000000000000
1.293999999999968 -0.093519807903204 0.833000000000000
1.294999999999968 -0.094519807903203 0.833000000000000
1.295999999999968 -0.095519807903203 0.833000000000000
1.296999999999968 -0.096519807903203 0.833000000000000
1.297999999999967 -0.097519807903203 0.833000000000000
1.298999999999967 -0.098519807903203 0.833000000000000
1.299999999999967 -0.099519807903203 0.833000000000000
1.300999999999967 -0.100519807903203 0.833000000000000
1.301999999999967 -0.101519807903202 0.833000000000000
1.302999999999967 -0.102519807903203 0.833000000000000
1.303999999999967 -0.103519807903202 0.833000000000000
1.304999999999967 -0.104519807903202 0.833000000000000
1.305999999999967 -0.105519807903202 0.833000000000000
1.306999999999966 -0.106519807903202 0.833000000000000
1.307999999999966 -0.107519807903202 0.833000000000000
1.308999999999966 -0.108519807903202 0.833000000000000
1.309999999999966 -0.109519807903202 0.833000000000000
1.310999999999966 -0.110519807903201 0.833000000000000
1.311999999999966 -0.111519807903202 0.833000000000000
1.312999999999966 -0.112519807903201 0.833000000000000
1.313999999999966 -0.113519807903202 0.833000000000000
1.314999999999966 -0.114519807903202 0.833000000000000
1.315999999999965 -0.115519807903201 0.833000000000000
1.316999999999965 -0.116519807903201 0.833000000000000
1.317999999999965 -0.117519807903201 0.833000000000000
1.318999999999965 -0.118519807903201 0.833000000000000
1.319999999999965 -0.119519807903200 0.833000000000000
1.320999999999965 -0.120519807903201 0.833000000000000
1.321999999999965 -0.121519807903200 0.833000000000000
1.322999999999965 -0.122519807903201 0.833000000000000
1.323999999999965 -0.123519807903200 0.833000000000000
1.324999999999964 -0.124519807903200 0.833000000000000
1.325999999999964 -0.125519807903200 0.833000000000000
1.326999999999964 -0.126519807903200 0.833000000000000
1.327999999999964 -0.127519807903200 0.833000000000000
1.328999999999964 -0.128519807903199 0.833000000000000
1.329999999999964 -0.129519807903200 0.833000000000000
1.330999999999964 -0.130519807903199 0.833000000000000
1.331999999999964 -0.131519807903199 0.833000000000000
1.332999999999964 -0.132519807903199 0.833000000000000
1.333999999999963 -0.133519807903199 0.833000000000000
1.334999999999963 -0.134519807903200 0.833000000000000
1.335999999999963 -0.135519807903199 0.833000000000000
1.336999999999963 -0.136519807903199 0.833000000000000
1.337999999999963 -0.137519807903198 0.833000000000000
1.338999999999963 -0.138519807903199 0.833000000000000
1.339999999999963 -0.139519807903198 0.833000000000000
1.340999999999963 -0.140519807903198 0.833000000000000
1.341999999999963 -0.141519807903198 0.833000000000000
1.342999999999962 -0.142519807903198 0.833000000000000
1.343999999999962 -0.143519807903198 0.833000000000000
1.344999999999962 -0.144519807903198 0.833000000000000
1.345999999999962 -0.145519807903198 0.833000000000000
1.346999999999962 -0.146519807903198 0.833000000000000
1.347999999999962 -0.147519807903197 0.833000000000000
1.348999999999962 -0.148519807903198 0.833000000000000
1.349999999999962 -0.149519807903197 0.833000000000000
1.350999999999962 -0.150519807903197 0.833000000000000
1.351999999999961 -0.151519807903198 0.833000000000000
1.352999999999961 -0.152519807903197 0.833000000000000
1.353999999999961 -0.153519807903197 0.833000000000000
1.354999999999961 -0.154519807903196 0.833000000000000
1.355999999999961 -0.155519807903197 0.833000000000000
1.356999999999961 -0.156519807903196 0.833000000000000
1.357999999999961 -0.157519807903196 0.833000000000000
1.358999999999961 -0.158519807903196 0.833000000000000
1.359999999999961 -0.159519807903196 0.833000000000000
1.360999999999960 -0.160519807903196 0.833000000000000
1.361999999999960 -0.161519807903196 0.833000000000000
1.362999999999960 -0.162519807903196 0.833000000000000
1.363999999999960 -0.163519807903196 0.833000000000000
1.364999999999960 -0.164519807903196 0.833000000000000
1.365999999999960 -0.165519807903196 0.833000000000000
1.366999999999960 -0.166519807903195 0.833000000000000
1.367999999999960 -0.167519807903196 0.833000000000000
1.368999999999960 -0.168519807903196 0.833000000000000
1.369999999999959 -0.169519807903195 0.833000000000000
1.370999999999959 -0.170519807903195 0.833000000000000
1.371999999999959 -0.171519807903195 0.833000000000000
1.372999999999959 -0.172519807903195 0.833000000000000
1.373999999999959 -0.173519807903194 0.833000000000000
1.374999999999959 -0.174519807903195 0.833000000000000
1.375999999999959 -0.175519807903194 0.833000000000000
1.376999999999959 -0.176519807903194 0.833000000000000
1.377999999999959 -0.177519807903194 0.833000000000000
1.378999999999958 -0.178519807903194 0.833000000000000
1.379999999999958 -0.179519807903194 0.833000000000000
1.380999999999958 -0.180519807903194 0.833000000000000
1.381999999999958 -0.181519807903194 0.833000000000000
1.382999999999958 -0.182519807903194 0.833000000000000
1.383999999999958 -0.183519807903193 0.833000000000000
1.384999999999958 -0.184519807903194 0.833000000000000
1.385999999999958 -0.185519807903194 0.833000000000000
1.386999999999958 -0.186519807903194 0.833000000000000
1.387999999999957 -0.187519807903193 0.833000000000000
1.388999999999957 -0.188519807903193 0.833000000000000
1.389999999999957 -0.189519807903193 0.833000000000000
1.390999999999957 -0.190519807903193 0.833000000000000
1.391999999999957 -0.191519807903193 0.833000000000000
1.392999999999957 -0.192519807903192 0.833000000000000
1.393999999999957 -0.193519807903193 0.833000000000000
1.394999999999957 -0.194519807903192 0.833000000000000
1.395999999999957 -0.195519807903192 0.833000000000000
1.396999999999956 -0.196519807903192 0.833000000000000
1.397999999999956 -0.197519807903192 0.833000000000000
1.398999999999956 -0.198519807903192 0.833000000000000
1.399999999999956 -0.199519807903192 0.833000000000000
1.400999999999956 -0.200519807903192 0.833000000000000
1.401999999999956 -0.201519807903192 0.833000000000000
1.402999999999956 -0.202519807903192 0.833000000000000
1.403999999999956 -0.203519807903192 0.833000000000000
1.404999999999956 -0.204519807903191 0.833000000000000
1.405999999999956 -0.205519807903191 0.833000000000000
1.406999999999955 -0.206519807903191 0.833000000000000
1.407999999999955 -0.207519807903191 0.833000000000000
1.408999999999955 -0.208519807903191 0.833000000000000
1.409999999999955 -0.209519807903190 0.833000000000000
1.410999999999955 -0.210519807903191 0.833000000000000
1.411999999999955 -0.211519807903190 0.833000000000000
1.412999999999955 -0.212519807903190 0.833000000000000
1.413999999999955 -0.213519807903190 0.833000000000000
1.414999999999955 -0.214519807903190 0.833000000000000
1.415999999999954 -0.215519807903190 0.833000000000000
1.416999999999954 -0.216519807903190 0.833000000000000
1.417999999999954 -0.217519807903190 0.833000000000000
1.418999999999954 -0.218519807903190 0.833000000000000
1.419999999999954 -0.219519807903190 0.833000000000000
1.420999999999954 -0.220519807903190 0.833000000000000
1.421999999999954 -0.221519807903189 0.833000000000000
1.422999999999954 -0.222519807903189 0.833000000000000
1.423999999999954 -0.223519807903189 0.833000000000000
1.424999999999953 -0.224519807903189 0.833000000000000
1.425999999999953 -0.225519807903189 0.833000000000000
1.426999999999953 -0.226519807903189 0.833000000000000
1.427999999999953 -0.227519807903189 0.833000000000000
1.428999999999953 -0.228519807903188 0.833000000000000
1.429999999999953 -0.229519807903189 0.833000000000000
1.430999999999953 -0.230519807903188 0.833000000000000
1.431999999999953 -0.231519807903188 0.833000000000000
1.432999999999953 -0.232519807903188 0.833000000000000
1.433999999999952 -0.233519807903188 0.833000000000000
1.434999999999952 -0.234519807903188 0.833000000000000
1.435999999999952 -0.235519807903188 0.833000000000000
1.436999999999952 -0.236519807903188 0.833000000000000
1.437999999999952 -0.237519807903188 0.833000000000000
1.438999999999952 -0.238519807903187 0.833000000000000
1.439999999999952 -0.239519807903187 0.833000000000000
1.440999999999952 -0.240519807903187 0.833000000000000
1.441999999999952 -0.241519807903187 0.833000000000000
1.442999999999951 -0.242519807903187 0.833000000000000
1.443999999999951 -0.243519807903187 0.833000000000000
1.444999999999951 -0.244519807903187 0.833000000000000
1.445999999999951 -0.245519807903187 0.833000000000000
1.446999999999951 -0.246519807903187 0.833000000000000
1.447999999999951 -0.247519807903186 0.833000000000000
1.448999999999951 -0.248519807903187 0.833000000000000
1.449999999999951 -0.249519807903186 0.833000000000000
1.450999999999951 -0.250519807903186 0.833000000000000
1.451999999999950 -0.251519807903187 0.833000000000000
1.452999999999950 -0.252519807903186 0.833000000000000
1.453999999999950 -0.253519807903186 0.833000000000000
1.454999999999950 -0.254519807903186 0.833000000000000
1.455999999999950 -0.255519807903186 0.833000000000000
1.456999999999950 -0.256519807903185 0.833000000000000
1.457999999999950 -0.257519807903186 0.833000000000000
1.458999999999950 -0.258519807903185 0.833000000000000
1.459999999999950 -0.259519807903185 0.833000000000000
1.460999999999949 -0.260519807903185 0.833000000000000
1.461999999999949 -0.261519807903185 0.833000000000000
1.462999999999949 -0.262519807903185 0.833000000000000
1.463999999999949 -0.263519807903185 0.833000000000000
1.464999999999949 -0.264519807903185 0.833000000000000
1.465999999999949 -0.265519807903185 0.833000000000000
1.466999999999949 -0.266519807903184 0.833000000000000
1.467999999999949 -0.267519807903184 0.833000000000000
1.468999999999949 -0.268519807903184 0.833000000000000
1.469999999999948 -0.269519807903184 0.833000000000000
1.470999999999948 -0.270519807903184 0.833000000000000
1.471999999999948 -0.271519807903184 0.833000000000000
1.472999999999948 -0.272519807903184 0.833000000000000
1.473999999999948 -0.273519807903184 0.833000000000000
1.474999999999948 -0.274519807903184 0.833000000000000
1.475999999999948 -0.275519807903184 0.833000000000000
1.476999999999948 -0.276519807903184 0.833000000000000
1.477999999999948 -0.277519807903183 0.833000000000000
1.478999999999947 -0.278519807903183 0.833000000000000
1.479999999999947 -0.279519807903183 0.833000000000000
1.480999999999947 -0.280519807903183 0.833000000000000
1.481999999999947 -0.281519807903183 0.833000000000000
1.482999999999947 -0.282519807903183 0.833000000000000
1.483999999999947 -0.283519807903183 0.833000000000000
1.484999999999947 -0.284519807903183 0.833000000000000
1.485999999999947 -0.285519807903183 0.833000000000000
1.486999999999947 -0.286519807903183 0.833000000000000
1.487999999999946 -0.287519807903182 0.833000000000000
1.488999999999946 -0.288519807903182 0.833000000000000
1.489999999999946 -0.289519807903182 0.833000000000000
1.490999999999946 -0.290519807903182 0.833000000000000
1.491999999999946 -0.291519807903181 0.833000000000000
1.492999999999946 -0.292519807903182 0.833000000000000
1.493999999999946 -0.293519807903181 0.833000000000000
1.494999999999946 -0.294519807903182 0.833000000000000
1.495999999999946 -0.295519807903182 0.833000000000000
1.496999999999945 -0.296519807903181 0.833000000000000
1.497999999999945 -0.297519807903182 0.833000000000000
1.498999999999945 -0.298519807903181 0.833000000000000
1.499999999999945 -0.299519807903181 0.833000000000000
1.500999999999945 -0.300519807903180 0.833000000000000
1.501999999999945 -0.301519807903181 0.833000000000000
1.502999999999945 -0.302519807903180 0.833000000000000
1.503999999999945 -0.303519807903181 0.833000000000000
1.504999999999945 -0.304519807903180 0.833000000000000
1.505999999999944 -0.305519807903180 0.833000000000000
1.506999999999944 -0.306519807903181 0.833000000000000
1.507999999999944 -0.307519807903180 0.833000000000000
1.508999999999944 -0.308519807903180 0.833000000000000
1.509999999999944 -0.309519807903180 0.833000000000000
1.510999999999944 -0.310519807903180 0.833000000000000
1.511999999999944 -0.311519807903179 0.833000000000000
1.512999999999944 -0.312519807903179 0.833000000000000
1.513999999999944 -0.313519807903179 0.833000000000000
1.514999999999944 -0.314519807903179 0.833000000000000
1.515999999999943 -0.315519807903179 0.833000000000000
1.516999999999943 -0.316519807903179 0.833000000000000
1.517999999999943 -0.317519807903179 0.833000000000000
1.518999999999943 -0.318519807903179 0.833000000000000
1.519999999999943 -0.319519807903179 0.833000000000000
1.520999999999943 -0.320519807903179 0.833000000000000
1.521999999999943 -0.321519807903178 0.833000000000000
1.522999999999943 -0.322519807903178 0.833000000000000
1.523999999999943 -0.323519807903178 0.833000000000000
1.524999999999942 -0.324519807903178 0.833000000000000
1.525999999999942 -0.325519807903178 0.833000000000000
1.526999999999942 -0.326519807903178 0.833000000000000
1.527999999999942 -0.327519807903178 0.833000000000000
1.528999999999942 -0.328519807903178 0.833000000000000
1.529999999999942 -0.329519807903178 0.833000000000000
1.530999999999942 -0.330519807903178 0.833000000000000
1.531999999999942 -0.331519807903178 0.833000000000000
1.532999999999942 -0.332519807903177 0.833000000000000
1.533999999999941 -0.333519807903177 0.833000000000000
1.534999999999941 -0.334519807903177 0.833000000000000
1.535999999999941 -0.335519807903177 0.833000000000000
1.536999999999941 -0.336519807903177 0.833000000000000
1.537999999999941 -0.337519807903176 0.833000000000000
1.538999999999941 -0.338519807903177 0.833000000000000
1.539999999999941 -0.339519807903177 0.833000000000000
1.540999999999941 -0.340519807903177 0.833000000000000
1.541999999999941 -0.341519807903177 0.833000000000000
1.542999999999940 -0.342519807903176 0.833000000000000
1.543999999999940 -0.343519807903176 0.833000000000000
1.544999999999940 -0.344519807903176 0.833000000000000
1.545999999999940 -0.345519807903176 0.833000000000000
1.546999999999940 -0.346519807903175 0.833000000000000
1.547999999999940 -0.347519807903176 0.833000000000000
1.548999999999940 -0.348519807903175 0.833000000000000
1.549999999999940 -0.349519807903175 0.833000000000000
1.550999999999940 -0.350519807903176 0.833000000000000
1.551999999999939 -0.351519807903175 0.833000000000000
1.552999999999939 -0.352519807903176 0.833000000000000
1.553999999999939 -0.353519807903175 0.833000000000000
1.554999999999939 -0.354519807903175 0.833000000000000
1.555999999999939 -0.355519807903174 0.833000000000000
1.556999999999939 -0.356519807903175 0.833000000000000
1.557999999999939 -0.357519807903174 0.833000000000000
1.558999999999939 -0.358519807903174 0.833000000000000
1.559999999999939 -0.359519807903174 0.833000000000000
1.560999999999938 -0.360519807903174 0.833000000000000
1.561999999999938 -0.361519807903175 0.833000000000000
1.562999999999938 -0.362519807903174 0.833000000000000
1.563999999999938 -0.363519807903174 0.833000000000000
1.564999999999938 -0.364519807903174 0.833000000000000
1.565999999999938 -0.365519807903174 0.833000000000000
1.566999999999938 -0.366519807903173 0.833000000000000
1.567999999999938 -0.367519807903173 0.833000000000000
1.568999999999938 -0.368519807903173 0.833000000000000
1.569999999999937 -0.369519807903173 0.833000000000000
1.570999999999937 -0.370519807903173 0.833000000000000
1.571999999999937 -0.371519807903173 0.833000000000000
1.572999999999937 -0.372519807903173 0.833000000000000
1.573999999999937 -0.373519807903173 0.833000000000000
1.574999999999937 -0.374519807903173 0.833000000000000
1.575999999999937 -0.375519807903173 0.833000000000000
1.576999999999937 -0.376519807903172 0.833000000000000
1.577999999999937 -0.377519807903172 0.833000000000000
1.578999999999936 -0.378519807903172 0.833000000000000
1.579999999999936 -0.379519807903172 0.833000000000000
1.580999999999936 -0.380519807903172 0.833000000000000
1.581999999999936 -0.381519807903172 0.833000000000000
1.582999999999936 -0.382519807903172 0.833000000000000
1.583999999999936 -0.383519807903172 0.833000000000000
1.584999999999936 -0.384519807903172 0.833000000000000
1.585999999999936 -0.385519807903172 0.833000000000000
1.586999999999936 -0.386519807903172 0.833000000000000
1.587999999999935 -0.387519807903171 0.833000000000000
1.588999999999935 -0.388519807903171 0.833000000000000
1.589999999999935 -0.389519807903171 0.833000000000000
1.590999999999935 -0.390519807903171 0.833000000000000
1.591999999999935 -0.391519807903171 0.833000000000000
1.592999999999935 -0.392519807903170 0.833000000000000
1.593999999999935 -0.393519807903171 0.833000000000000
1.594999999999935 -0.394519807903171 0.833000000000000
1.595999999999935 -0.395519807903170 0.833000000000000
1.596999999999934 -0.396519807903171 0.833000000000000
1.597999999999934 -0.397519807903170 0.833000000000000
1.598999999999934 -0.398519807903170 0.833000000000000
1.599999999999934 -0.399519807903170 0.833000000000000
1.600999999999934 -0.400519807903170 0.833000000000000
1.601999999999934 -0.401519807903169 0.833000000000000
1.602999999999934 -0.402519807903170 0.833000000000000
1.603999999999934 -0.403519807903169 0.833000000000000
1.604999999999934 -0.404519807903169 0.833000000000000
1.605999999999933 -0.405519807903170 0.833000000000000
1.606999999999933 -0.406519807903169 0.833000000000000
1.607999999999933 -0.407519807903169 0.833000000000000
1.608999999999933 -0.408519807903169 0.833000000000000
1.609999999999933 -0.409519807903169 0.833000000000000
1.610999999999933 -0.410519807903168 0.833000000000000
1.611999999999933 -0.411519807903169 0.833000000000000
1.612999999999933 -0.412519807903168 0.833000000000000
1.613999999999933 -0.413519807903168 0.833000000000000
1.614999999999932 -0.414519807903168 0.833000000000000
1.615999999999932 -0.415519807903168 0.833000000000000
1.616999999999932 -0.416519807903168 0.833000000000000
1.617999999999932 -0.417519807903168 0.833000000000000
1.618999999999932 -0.418519807903168 0.833000000000000
1.619999999999932 -0.419519807903168 0.833000000000000
1.620999999999932 -0.420519807903168 0.833000000000000
1.621999999999932 -0.421519807903167 0.833000000000000
1.622999999999932 -0.422519807903167 0.833000000000000
1.623999999999931 -0.423519807903167 0.833000000000000
1.624999999999931 -0.424519807903167 0.833000000000000
1.625999999999931 -0.425519807903167 0.833000000000000
1.626999999999931 -0.426519807903167 0.833000000000000
1.627999999999931 -0.427519807903167 0.833000000000000
1.628999999999931 -0.428519807903167 0.833000000000000
1.629999999999931 -0.429519807903167 0.833000000000000
1.630999999999931 -0.430519807903167 0.833000000000000
1.631999999999931 -0.431519807903166 0.833000000000000
1.632999999999931 -0.432519807903166 0.833000000000000
1.633999999999930 -0.433519807903166 0.833000000000000
1.634999999999930 -0.434519807903166 0.833000000000000
1.635999999999930 -0.435519807903166 0.833000000000000
1.636999999999930 -0.436519807903166 0.833000000000000
1.637999999999930 -0.437519807903166 0.833000000000000
1.638999999999930 -0.438519807903166 0.833000000000000
1.639999999999930 -0.439519807903166 0.833000000000000
1.640999999999930 -0.440519807903166 0.833000000000000
1.641999999999930 -0.441519807903165 0.833000000000000
1.642999999999929 -0.442519807903165 0.833000000000000
1.643999999999929 -0.443519807903165 0.833000000000000
1.644999999999929 -0.444519807903165 0.833000000000000
1.645999999999929 -0.445519807903165 0.833000000000000
1.646999999999929 -0.446519807903165 0.833000000000000
1.647999999999929 -0.447519807903164 0.833000000000000
1.648999999999929 -0.448519807903165 0.833000000000000
1.649999999999929 -0.449519807903165 0.833000000000000
1.650999999999929 -0.450519807903164 0.833000000000000
1.651999999999928 -0.451519807903165 0.833000000000000
1.652999999999928 -0.452519807903164 0.833000000000000
1.653999999999928 -0.453519807903164 0.833000000000000
1.654999999999928 -0.454519807903163 0.833000000000000
1.655999999999928 -0.455519807903164 0.833000000000000
1.656999999999928 -0.456519807903163 0.833000000000000
1.657999999999928 -0.457519807903164 0.833000000000000
1.658999999999928 -0.458519807903163 0.833000000000000
1.659999999999928 -0.459519807903163 0.833000000000000
1.660999999999927 -0.460519807903164 0.833000000000000
1.661999999999927 -0.461519807903163 0.833000000000000
1.662999999999927 -0.462519807903163 0.833000000000000
1.663999999999927 -0.463519807903163 0.833000000000000
1.664999999999927 -0.464519807903163 0.833000000000000
1.665999999999927 -0.465519807903162 0.833000000000000
1.666999999999927 -0.466519807903162 0.833000000000000
1.667999999999927 -0.467519807903162 0.833000000000000
1.668999999999927 -0.468519807903162 0.833000000000000
1.669999999999926 -0.469519807903162 0.833000000000000
1.670999999999926 -0.470519807903162 0.833000000000000
1.671999999999926 -0.471519807903162 0.833000000000000
1.672999999999926 -0.472519807903162 0.833000000000000
1.673999999999926 -0.473519807903162 0.833000000000000
1.674999999999926 -0.474519807903162 0.833000000000000
1.675999999999926 -0.475519807903161 0.833000000000000
1.676999999999926 -0.476519807903161 0.833000000000000
1.677999999999926 -0.477519807903161 0.833000000000000
1.678999999999925 -0.478519807903161 0.833000000000000
1.679999999999925 -0.479519807903161 0.833000000000000
1.680999999999925 -0.480519807903161 0.833000000000000
1.681999999999925 -0.481519807903161 0.833000000000000
1.682999999999925 -0.482519807903161 0.833000000000000
1.683999999999925 -0.483519807903161 0.833000000000000
1.684999999999925 -0.484519807903161 0.833000000000000
1.685999999999925 -0.485519807903161 0.833000000000000
1.686999999999925 -0.486519807903160 0.833000000000000
1.687999999999924 -0.487519807903160 0.833000000000000
1.688999999999924 -0.488519807903160 0.833000000000000
1.689999999999924 -0.489519807903160 0.833000000000000
1.690999999999924 -0.490519807903160 0.833000000000000
1.691999999999924 -0.491519807903160 0.833000000000000
1.692999999999924 -0.492519807903160 0.833000000000000
1.693999999999924 -0.493519807903160 0.833000000000000
1.694999999999924 -0.494519807903160 0.833000000000000
1.695999999999924 -0.495519807903160 0.833000000000000
1.696999999999923 -0.496519807903159 0.833000000000000
1.697999999999923 -0.497519807903159 0.833000000000000
1.698999999999923 -0.498519807903159 0.833000000000000
1.699999999999923 -0.499519807903159 0.833000000000000
