0.701000000000000 0.499480192078294 0.833000000000000
0.700000000000000 0.500480192097203 0.833000000000000
0.699000000000000 0.501480192097203 0.833000000000000
0.698000000000000 0.502480192097203 0.833000000000000
0.697000000000000 0.503480192097203 0.833000000000000
0.696000000000000 0.504480192097203 0.833000000000000
0.695000000000000 0.505480192097203 0.833000000000000
0.694000000000000 0.506480192097203 0.833000000000000
0.693000000000000 0.507480192097203 0.833000000000000
0.692000000000000 0.508480192097203 0.833000000000000
0.691000000000000 0.509480192097203 0.833000000000000
0.690000000000000 0.510480192097203 0.833000000000000
0.689000000000000 0.511480192097203 0.833000000000000
0.688000000000000 0.512480192097203 0.833000000000000
0.687000000000000 0.513480192097203 0.833000000000000
0.686000000000000 0.514480192097203 0.833000000000000
0.685000000000000 0.515480192097203 0.833000000000000
0.684000000000000 0.516480192097203 0.833000000000000
0.683000000000000 0.517480192097203 0.833000000000000
0.682000000000000 0.518480192097203 0.833000000000000
0.681000000000000 0.519480192097203 0.833000000000000
0.680000000000000 0.520480192097203 0.833000000000000
0.679000000000000 0.521480192097203 0.833000000000000
0.678000000000000 0.522480192097203 0.833000000000000
0.677000000000000 0.523480192097203 0.833000000000000
0.676000000000000 0.524480192097203 0.833000000000000
0.675000000000000 0.525480192097203 0.833000000000000
0.674000000000000 0.526480192097203 0.833000000000000
0.673000000000000 0.527480192097203 0.833000000000000
0.672000000000000 0.528480192097203 0.833000000000000
0.671000000000000 0.529480192097203 0.833000000000000
0.670000000000000 0.530480192097203 0.833000000000000
0.669000000000000 0.531480192097203 0.833000000000000
0.668000000000000 0.532480192097203 0.833000000000000
0.667000000000000 0.533480192097203 0.833000000000000
0.666000000000000 0.534480192097203 0.833000000000000
0.665000000000000 0.535480192097203 0.833000000000000
0.664000000000000 0.536480192097203 0.833000000000000
0.663000000000000 0.537480192097203 0.833000000000000
0.662000000000000 0.538480192097203 0.833000000000000
0.661000000000000 0.539480192097203 0.833000000000000
0.660000000000000 0.540480192097203 0.833000000000000
0.659000000000000 0.541480192097203 0.833000000000000
0.658000000000000 0.542480192097203 0.833000000000000
0.657000000000000 0.543480192097203 0.833000000000000
0.656000000000000 0.544480192097203 0.833000000000000
0.655000000000000 0.545480192097203 0.833000000000000
0.654000000000000 0.546480192097203 0.833000000000000
0.653000000000000 0.547480192097203 0.833000000000000
0.652000000000000 0.548480192097203 0.833000000000000
0.651000000000000 0.549480192097203 0.833000000000000
0.650000000000000 0.550480192097203 0.833000000000000
0.649000000000000 0.551480192097203 0.833000000000000
0.648000000000000 0.552480192097203 0.833000000000000
0.647000000000000 0.553480192097203 0.833000000000000
0.646000000000000 0.554480192097203 0.833000000000000
0.645000000000000 0.555480192097203 0.833000000000000
0.644000000000000 0.556480192097203 0.833000000000000
0.643000000000000 0.557480192097203 0.833000000000000
0.642000000000000 0.558480192097203 0.833000000000000
0.641000000000000 0.559480192097203 0.833000000000000
0.640000000000000 0.560480192097203 0.833000000000000
0.639000000000000 0.561480192097203 0.833000000000000
0.638000000000000 0.562480192097203 0.833000000000000
0.637000000000000 0.563480192097203 0.833000000000000
0.636000000000000 0.564480192097203 0.833000000000000
0.635000000000000 0.565480192097203 0.833000000000000
0.634000000000000 0.566480192097203 0.833000000000000
0.633000000000000 0.567480192097203 0.833000000000000
0.632000000000000 0.568480192097203 0.833000000000000
0.631000000000000 0.569480192097203 0.833000000000000
0.630000000000000 0.570480192097203 0.833000000000000
0.629000000000000 0.571480192097203 0.833000000000000
0.628000000000000 0.572480192097203 0.833000000000000
0.627000000000000 0.573480192097203 0.833000000000000
0.626000000000000 0.574480192097203 0.833000000000000
0.625000000000000 0.575480192097203 0.833000000000000
0.624000000000000 0.576480192097203 0.833000000000000
0.623000000000000 0.577480192097203 0.833000000000000
0.622000000000000 0.578480192097203 0.833000000000000
0.621000000000000 0.579480192097203 0.833000000000000
0.620000000000000 0.580480192097203 0.833000000000000
0.619000000000000 0.581480192097203 0.833000000000000
0.618000000000000 0.582480192097203 0.833000000000000
0.617000000000000 0.583480192097203 0.833000000000000
0.616000000000000 0.584480192097203 0.833000000000000
0.615000000000000 0.585480192097203 0.833000000000000
0.614000000000000 0.586480192097203 0.833000000000000
0.613000000000000 0.587480192097203 0.833000000000000
0.612000000000000 0.588480192097203 0.833000000000000
0.611000000000000 0.589480192097203 0.833000000000000
0.610000000000000 0.590480192097203 0.833000000000000
0.609000000000000 0.591480192097203 0.833000000000000
0.608000000000000 0.592480192097203 0.833000000000000
0.607000000000000 0.593480192097203 0.833000000000000
0.606000000000000 0.594480192097203 0.833000000000000
0.605000000000000 0.595480192097203 0.833000000000000
0.604000000000000 0.596480192097203 0.833000000000000
0.603000000000000 0.597480192097203 0.833000000000000
0.602000000000000 0.598480192097203 0.833000000000000
0.601000000000000 0.599480192097203 0.833000000000000
0.600000000000000 0.600480192097203 0.833000000000000
0.599000000000000 0.601480192097203 0.833000000000000
0.598000000000000 0.602480192097203 0.833000000000000
0.597000000000000 0.603480192097203 0.833000000000000
0.596000000000000 0.604480192097203 0.833000000000000
0.595000000000000 0.605480192097203 0.833000000000000
0.594000000000000 0.606480192097203 0.833000000000000
0.593000000000000 0.607480192097203 0.833000000000000
0.592000000000000 0.608480192097203 0.833000000000000
0.591000000000000 0.609480192097203 0.833000000000000
0.590000000000000 0.610480192097203 0.833000000000000
0.589000000000000 0.611480192097203 0.833000000000000
0.588000000000000 0.612480192097203 0.833000000000000
0.587000000000000 0.613480192097203 0.833000000000000
0.586000000000000 0.614480192097203 0.833000000000000
0.585000000000000 0.615480192097203 0.833000000000000
0.584000000000000 0.616480192097203 0.833000000000000
0.583000000000000 0.617480192097203 0.833000000000000
0.582000000000000 0.618480192097203 0.833000000000000
0.581000000000000 0.619480192097203 0.833000000000000
0.580000000000000 0.620480192097203 0.833000000000000
0.579000000000000 0.621480192097203 0.833000000000000
0.578000000000000 0.622480192097203 0.833000000000000
0.577000000000000 0.623480192097203 0.833000000000000
0.576000000000000 0.624480192097203 0.833000000000000
0.575000000000000 0.625480192097203 0.833000000000000
0.574000000000000 0.626480192097203 0.833000000000000
0.573000000000000 0.627480192097203 0.833000000000000
0.572000000000000 0.628480192097203 0.833000000000000
0.571000000000000 0.629480192097203 0.833000000000000
0.570000000000000 0.630480192097203 0.833000000000000
0.569000000000000 0.631480192097203 0.833000000000000
0.568000000000000 0.632480192097203 0.833000000000000
0.567000000000000 0.633480192097203 0.833000000000000
0.566000000000000 0.634480192097203 0.833000000000000
0.565000000000000 0.635480192097203 0.833000000000000
0.564000000000000 0.636480192097203 0.833000000000000
0.563000000000000 0.637480192097203 0.833000000000000
0.562000000000000 0.638480192097203 0.833000000000000
0.561000000000000 0.639480192097203 0.833000000000000
0.560000000000000 0.640480192097203 0.833000000000000
0.559000000000000 0.641480192097203 0.833000000000000
0.558000000000000 0.642480192097203 0.833000000000000
0.557000000000000 0.643480192097203 0.833000000000000
0.556000000000000 0.644480192097203 0.833000000000000
0.555000000000000 0.645480192097203 0.833000000000000
0.554000000000000 0.646480192097203 0.833000000000000
0.553000000000000 0.647480192097203 0.833000000000000
0.552000000000000 0.648480192097203 0.833000000000000
0.551000000000000 0.649480192097203 0.833000000000000
0.550000000000000 0.650480192097203 0.833000000000000
0.549000000000000 0.651480192097203 0.833000000000000
0.548000000000000 0.652480192097203 0.833000000000000
0.547000000000000 0.653480192097203 0.833000000000000
0.546000000000000 0.654480192097203 0.833000000000000
0.545000000000000 0.655480192097203 0.833000000000000
0.544000000000000 0.656480192097203 0.833000000000000
0.543000000000000 0.657480192097203 0.833000000000000
0.542000000000000 0.658480192097203 0.833000000000000
0.541000000000000 0.659480192097203 0.833000000000000
0.540000000000000 0.660480192097203 0.833000000000000
0.539000000000000 0.661480192097203 0.833000000000000
0.538000000000000 0.662480192097203 0.833000000000000
0.537000000000000 0.663480192097203 0.833000000000000
0.536000000000000 0.664480192097203 0.833000000000000
0.535000000000000 0.665480192097203 0.833000000000000
0.534000000000000 0.666480192097203 0.833000000000000
0.533000000000000 0.667480192097203 0.833000000000000
0.532000000000000 0.668480192097203 0.833000000000000
0.531000000000000 0.669480192097203 0.833000000000000
0.530000000000000 0.670480192097203 0.833000000000000
0.529000000000000 0.671480192097203 0.833000000000000
0.528000000000000 0.672480192097203 0.833000000000000
0.527000000000000 0.673480192097203 0.833000000000000
0.526000000000000 0.674480192097203 0.833000000000000
0.525000000000000 0.675480192097203 0.833000000000000
0.524000000000000 0.676480192097203 0.833000000000000
0.523000000000000 0.677480192097203 0.833000000000000
0.522000000000000 0.678480192097203 0.833000000000000
0.521000000000000 0.679480192097203 0.833000000000000
0.520000000000000 0.680480192097203 0.833000000000000
0.519000000000000 0.681480192097203 0.833000000000000
0.518000000000000 0.682480192097203 0.833000000000000
0.517000000000000 0.683480192097203 0.833000000000000
0.516000000000000 0.684480192097203 0.833000000000000
0.515000000000000 0.685480192097203 0.833000000000000
0.514000000000000 0.686480192097203 0.833000000000000
0.513000000000000 0.687480192097203 0.833000000000000
0.512000000000000 0.688480192097203 0.833000000000000
0.511000000000000 0.689480192097203 0.833000000000000
0.510000000000000 0.690480192097203 0.833000000000000
0.509000000000000 0.691480192097203 0.833000000000000
0.508000000000000 0.692480192097203 0.833000000000000
0.507000000000000 0.693480192097203 0.833000000000000
0.506000000000000 0.694480192097203 0.833000000000000
0.505000000000000 0.695480192097203 0.833000000000000
0.504000000000000 0.696480192097203 0.833000000000000
0.503000000000000 0.697480192097203 0.833000000000000
0.502000000000000 0.698480192097203 0.833000000000000
0.501000000000000 0.699480192097203 0.833000000000000
0.500000000000000 0.700480192097203 0.833000000000000
0.499000000000000 0.701480192097203 0.833000000000000
0.498000000000000 0.702480192097203 0.833000000000000
0.497000000000000 0.703480192097203 0.833000000000000
0.496000000000000 0.704480192097203 0.833000000000000
0.495000000000000 0.705480192097203 0.833000000000000
0.494000000000000 0.706480192097203 0.833000000000000
0.493000000000000 0.707480192097203 0.833000000000000
0.492000000000000 0.708480192097203 0.833000000000000
0.491000000000000 0.709480192097203 0.833000000000000
0.490000000000000 0.710480192097203 0.833000000000000
0.489000000000000 0.711480192097203 0.833000000000000
0.488000000000000 0.712480192097203 0.833000000000000
0.487000000000000 0.713480192097203 0.833000000000000
0.486000000000000 0.714480192097203 0.833000000000000
0.485000000000000 0.715480192097203 0.833000000000000
0.484000000000000 0.716480192097203 0.833000000000000
0.483000000000000 0.717480192097203 0.833000000000000
0.482000000000000 0.718480192097203 0.833000000000000
0.481000000000000 0.719480192097203 0.833000000000000
0.480000000000000 0.720480192097203 0.833000000000000
0.479000000000000 0.721480192097203 0.833000000000000
0.478000000000000 0.722480192097203 0.833000000000000
0.477000000000000 0.723480192097203 0.833000000000000
0.476000000000000 0.724480192097203 0.833000000000000
0.475000000000000 0.725480192097203 0.833000000000000
0.474000000000000 0.726480192097203 0.833000000000000
0.473000000000000 0.727480192097203 0.833000000000000
0.472000000000000 0.728480192097203 0.833000000000000
0.471000000000000 0.729480192097203 0.833000000000000
0.470000000000000 0.730480192097203 0.833000000000000
0.469000000000000 0.731480192097203 0.833000000000000
0.468000000000000 0.732480192097203 0.833000000000000
0.467000000000000 0.733480192097203 0.833000000000000
0.466000000000000 0.734480192097203 0.833000000000000
0.465000000000000 0.735480192097203 0.833000000000000
0.464000000000000 0.736480192097203 0.833000000000000
0.463000000000000 0.737480192097203 0.833000000000000
0.462000000000000 0.738480192097203 0.833000000000000
0.461000000000000 0.739480192097203 0.833000000000000
0.460000000000000 0.740480192097203 0.833000000000000
0.459000000000000 0.741480192097203 0.833000000000000
0.458000000000000 0.742480192097203 0.833000000000000
0.457000000000000 0.743480192097203 0.833000000000000
0.456000000000000 0.744480192097203 0.833000000000000
0.455000000000000 0.745480192097203 0.833000000000000
0.454000000000000 0.746480192097203 0.833000000000000
0.453000000000000 0.747480192097203 0.833000000000000
0.452000000000000 0.748480192097203 0.833000000000000
0.451000000000000 0.749480192097203 0.833000000000000
0.450000000000000 0.750480192097203 0.833000000000000
0.449000000000000 0.751480192097203 0.833000000000000
0.448000000000000 0.752480192097203 0.833000000000000
0.447000000000000 0.753480192097203 0.833000000000000
0.446000000000000 0.754480192097203 0.833000000000000
0.445000000000000 0.755480192097203 0.833000000000000
0.444000000000000 0.756480192097203 0.833000000000000
0.443000000000000 0.757480192097203 0.833000000000000
0.442000000000000 0.758480192097203 0.833000000000000
0.441000000000000 0.759480192097203 0.833000000000000
0.440000000000000 0.760480192097203 0.833000000000000
0.439000000000000 0.761480192097203 0.833000000000000
0.438000000000000 0.762480192097203 0.833000000000000
0.437000000000000 0.763480192097203 0.833000000000000
0.436000000000000 0.764480192097203 0.833000000000000
0.435000000000000 0.765480192097203 0.833000000000000
0.434000000000000 0.766480192097203 0.833000000000000
0.433000000000000 0.767480192097203 0.833000000000000
0.432000000000000 0.768480192097203 0.833000000000000
0.431000000000000 0.769480192097203 0.833000000000000
0.430000000000000 0.770480192097203 0.833000000000000
0.429000000000000 0.771480192097203 0.833000000000000
0.428000000000000 0.772480192097203 0.833000000000000
0.427000000000000 0.773480192097203 0.833000000000000
0.426000000000000 0.774480192097203 0.833000000000000
0.425000000000000 0.775480192097203 0.833000000000000
0.424000000000000 0.776480192097203 0.833000000000000
0.423000000000000 0.777480192097203 0.833000000000000
0.422000000000000 0.778480192097203 0.833000000000000
0.421000000000000 0.779480192097203 0.833000000000000
0.420000000000000 0.780480192097203 0.833000000000000
0.419000000000000 0.781480192097203 0.833000000000000
0.418000000000000 0.782480192097203 0.833000000000000
0.417000000000000 0.783480192097203 0.833000000000000
0.416000000000000 0.784480192097203 0.833000000000000
0.415000000000000 0.785480192097203 0.833000000000000
0.414000000000000 0.786480192097203 0.833000000000000
0.413000000000000 0.787480192097203 0.833000000000000
0.412000000000000 0.788480192097203 0.833000000000000
0.411000000000000 0.789480192097203 0.833000000000000
0.410000000000000 0.790480192097203 0.833000000000000
0.409000000000000 0.791480192097203 0.833000000000000
0.408000000000000 0.792480192097203 0.833000000000000
0.407000000000000 0.793480192097203 0.833000000000000
0.406000000000000 0.794480192097203 0.833000000000000
0.405000000000000 0.795480192097203 0.833000000000000
0.404000000000000 0.796480192097203 0.833000000000000
0.403000000000000 0.797480192097203 0.833000000000000
0.402000000000000 0.798480192097203 0.833000000000000
0.401000000000000 0.799480192097203 0.833000000000000
0.400000000000000 0.800480192097203 0.833000000000000
0.399000000000000 0.801480192097203 0.833000000000000
0.398000000000000 0.802480192097203 0.833000000000000
0.397000000000000 0.803480192097203 0.833000000000000
0.396000000000000 0.804480192097203 0.833000000000000
0.395000000000000 0.805480192097203 0.833000000000000
0.394000000000000 0.806480192097203 0.833000000000000
0.393000000000000 0.807480192097203 0.833000000000000
0.392000000000000 0.808480192097203 0.833000000000000
0.391000000000000 0.809480192097203 0.833000000000000
0.390000000000000 0.810480192097203 0.833000000000000
0.389000000000000 0.811480192097203 0.833000000000000
0.388000000000000 0.812480192097203 0.833000000000000
0.387000000000000 0.813480192097203 0.833000000000000
0.386000000000000 0.814480192097203 0.833000000000000
0.385000000000000 0.815480192097203 0.833000000000000
0.384000000000000 0.816480192097203 0.833000000000000
0.383000000000000 0.817480192097203 0.833000000000000
0.382000000000000 0.818480192097203 0.833000000000000
0.381000000000000 0.819480192097203 0.833000000000000
0.380000000000000 0.820480192097203 0.833000000000000
0.379000000000000 0.821480192097203 0.833000000000000
0.378000000000000 0.822480192097203 0.833000000000000
0.377000000000000 0.823480192097203 0.833000000000000
0.376000000000000 0.824480192097203 0.833000000000000
0.375000000000000 0.825480192097203 0.833000000000000
0.374000000000000 0.826480192097203 0.833000000000000
0.373000000000000 0.827480192097203 0.833000000000000
0.372000000000000 0.828480192097203 0.833000000000000
0.371000000000000 0.829480192097203 0.833000000000000
0.370000000000000 0.830480192097203 0.833000000000000
0.369000000000000 0.831480192097203 0.833000000000000
0.368000000000000 0.832480192097203 0.833000000000000
0.367000000000000 0.833480192097203 0.833000000000000
0.366000000000000 0.834480192097203 0.833000000000000
0.365000000000000 0.835480192097203 0.833000000000000
0.364000000000000 0.836480192097203 0.833000000000000
0.363000000000000 0.837480192097203 0.833000000000000
0.362000000000000 0.838480192097203 0.833000000000000
0.361000000000000 0.839480192097203 0.833000000000000
0.360000000000000 0.840480192097203 0.833000000000000
0.359000000000000 0.841480192097203 0.833000000000000
0.358000000000000 0.842480192097203 0.833000000000000
0.357000000000000 0.843480192097203 0.833000000000000
0.356000000000000 0.844480192097203 0.833000000000000
0.355000000000000 0.845480192097203 0.833000000000000
0.354000000000000 0.846480192097203 0.833000000000000
0.353000000000000 0.847480192097203 0.833000000000000
0.352000000000000 0.848480192097203 0.833000000000000
0.351000000000000 0.849480192097203 0.833000000000000
0.350000000000000 0.850480192097203 0.833000000000000
0.349000000000000 0.851480192097203 0.833000000000000
0.348000000000000 0.852480192097203 0.833000000000000
0.347000000000000 0.853480192097203 0.833000000000000
0.346000000000000 0.854480192097203 0.833000000000000
0.345000000000000 0.855480192097203 0.833000000000000
0.344000000000000 0.856480192097203 0.833000000000000
0.343000000000000 0.857480192097203 0.833000000000000
0.342000000000000 0.858480192097203 0.833000000000000
0.341000000000000 0.859480192097203 0.833000000000000
0.340000000000000 0.860480192097203 0.833000000000000
0.339000000000000 0.861480192097203 0.833000000000000
0.338000000000000 0.862480192097204 0.833000000000000
0.337000000000000 0.863480192097203 0.833000000000000
0.336000000000000 0.864480192097203 0.833000000000000
0.335000000000000 0.865480192097204 0.833000000000000
0.334000000000000 0.866480192097203 0.833000000000000
0.333000000000000 0.867480192097203 0.833000000000000
0.332000000000000 0.868480192097204 0.833000000000000
0.331000000000000 0.869480192097203 0.833000000000000
0.330000000000000 0.870480192097203 0.833000000000000
0.329000000000000 0.871480192097204 0.833000000000000
0.328000000000000 0.872480192097203 0.833000000000000
0.327000000000000 0.873480192097203 0.833000000000000
0.326000000000000 0.874480192097204 0.833000000000000
0.325000000000000 0.875480192097203 0.833000000000000
0.324000000000000 0.876480192097203 0.833000000000000
0.323000000000000 0.877480192097204 0.833000000000000
0.322000000000000 0.878480192097203 0.833000000000000
0.321000000000000 0.879480192097203 0.833000000000000
0.320000000000000 0.880480192097204 0.833000000000000
0.319000000000000 0.881480192097203 0.833000000000000
0.318000000000000 0.882480192097203 0.833000000000000
0.317000000000000 0.883480192097204 0.833000000000000
0.316000000000000 0.884480192097203 0.833000000000000
0.315000000000000 0.885480192097203 0.833000000000000
0.314000000000000 0.886480192097204 0.833000000000000
0.313000000000000 0.887480192097203 0.833000000000000
0.312000000000000 0.888480192097203 0.833000000000000
0.311000000000000 0.889480192097204 0.833000000000000
0.310000000000000 0.890480192097203 0.833000000000000
0.309000000000000 0.891480192097203 0.833000000000000
0.308000000000000 0.892480192097204 0.833000000000000
0.307000000000000 0.893480192097203 0.833000000000000
0.306000000000000 0.894480192097203 0.833000000000000
0.305000000000000 0.895480192097204 0.833000000000000
0.304000000000000 0.896480192097203 0.833000000000000
0.303000000000000 0.897480192097203 0.833000000000000
0.302000000000000 0.898480192097204 0.833000000000000
0.301000000000000 0.899480192097203 0.833000000000000
0.300000000000000 0.900480192097203 0.833000000000000
0.299000000000000 0.901480192097204 0.833000000000000
0.298000000000000 0.902480192097203 0.833000000000000
0.297000000000000 0.903480192097203 0.833000000000000
0.296000000000000 0.904480192097204 0.833000000000000
0.295000000000000 0.905480192097203 0.833000000000000
0.294000000000000 0.906480192097203 0.833000000000000
0.293000000000000 0.907480192097204 0.833000000000000
0.292000000000000 0.908480192097203 0.833000000000000
0.291000000000000 0.909480192097203 0.833000000000000
0.290000000000000 0.910480192097204 0.833000000000000
0.289000000000000 0.911480192097203 0.833000000000000
0.288000000000000 0.912480192097203 0.833000000000000
0.287000000000000 0.913480192097204 0.833000000000000
0.286000000000000 0.914480192097203 0.833000000000000
0.285000000000000 0.915480192097203 0.833000000000000
0.284000000000000 0.916480192097204 0.833000000000000
0.283000000000000 0.917480192097203 0.833000000000000
0.282000000000000 0.918480192097203 0.833000000000000
0.281000000000000 0.919480192097204 0.833000000000000
0.280000000000000 0.920480192097203 0.833000000000000
0.279000000000000 0.921480192097203 0.833000000000000
0.278000000000000 0.922480192097204 0.833000000000000
0.277000000000000 0.923480192097203 0.833000000000000
0.276000000000000 0.924480192097203 0.833000000000000
0.275000000000000 0.925480192097204 0.833000000000000
0.274000000000000 0.926480192097203 0.833000000000000
0.273000000000000 0.927480192097203 0.833000000000000
0.272000000000000 0.928480192097204 0.833000000000000
0.271000000000000 0.929480192097203 0.833000000000000
0.270000000000000 0.930480192097203 0.833000000000000
0.269000000000000 0.931480192097204 0.833000000000000
0.268000000000000 0.932480192097203 0.833000000000000
0.267000000000000 0.933480192097203 0.833000000000000
0.266000000000000 0.934480192097204 0.833000000000000
0.265000000000000 0.935480192097203 0.833000000000000
0.264000000000000 0.936480192097203 0.833000000000000
0.263000000000000 0.937480192097204 0.833000000000000
0.262000000000000 0.938480192097203 0.833000000000000
0.261000000000000 0.939480192097203 0.833000000000000
0.260000000000000 0.940480192097204 0.833000000000000
0.259000000000000 0.941480192097203 0.833000000000000
0.258000000000000 0.942480192097203 0.833000000000000
0.257000000000000 0.943480192097204 0.833000000000000
0.256000000000000 0.944480192097203 0.833000000000000
0.255000000000000 0.945480192097203 0.833000000000000
0.254000000000000 0.946480192097204 0.833000000000000
0.253000000000000 0.947480192097203 0.833000000000000
0.252000000000000 0.948480192097203 0.833000000000000
0.251000000000000 0.949480192097204 0.833000000000000
0.250000000000000 0.950480192097203 0.833000000000000
0.249000000000000 0.951480192097203 0.833000000000000
0.248000000000000 0.952480192097204 0.833000000000000
0.247000000000000 0.953480192097203 0.833000000000000
0.246000000000000 0.954480192097203 0.833000000000000
0.245000000000000 0.955480192097204 0.833000000000000
0.244000000000000 0.956480192097203 0.833000000000000
0.243000000000000 0.957480192097203 0.833000000000000
0.242000000000000 0.958480192097204 0.833000000000000
0.241000000000000 0.959480192097203 0.833000000000000
0.240000000000000 0.960480192097203 0.833000000000000
0.239000000000000 0.961480192097204 0.833000000000000
0.238000000000000 0.962480192097203 0.833000000000000
0.237000000000000 0.963480192097203 0.833000000000000
0.236000000000000 0.964480192097204 0.833000000000000
0.235000000000000 0.965480192097203 0.833000000000000
0.234000000000000 0.966480192097203 0.833000000000000
0.233000000000000 0.967480192097204 0.833000000000000
0.232000000000000 0.968480192097203 0.833000000000000
0.231000000000000 0.969480192097203 0.833000000000000
0.230000000000000 0.970480192097204 0.833000000000000
0.229000000000000 0.971480192097203 0.833000000000000
0.228000000000000 0.972480192097203 0.833000000000000
0.227000000000000 0.973480192097204 0.833000000000000
0.226000000000000 0.974480192097203 0.833000000000000
0.225000000000000 0.975480192097203 0.833000000000000
0.224000000000000 0.976480192097204 0.833000000000000
0.223000000000000 0.977480192097203 0.833000000000000
0.222000000000000 0.978480192097203 0.833000000000000
0.221000000000000 0.979480192097204 0.833000000000000
0.220000000000000 0.980480192097203 0.833000000000000
0.219000000000000 0.981480192097203 0.833000000000000
0.218000000000000 0.982480192097204 0.833000000000000
0.217000000000000 0.983480192097203 0.833000000000000
0.216000000000000 0.984480192097203 0.833000000000000
0.215000000000000 0.985480192097204 0.833000000000000
0.214000000000000 0.986480192097204 0.833000000000000
0.213000000000000 0.987480192097203 0.833000000000000
0.212000000000000 0.988480192097204 0.833000000000000
0.211000000000000 0.989480192097204 0.833000000000000
0.210000000000000 0.990480192097203 0.833000000000000
0.209000000000000 0.991480192097204 0.833000000000000
0.208000000000000 0.992480192097204 0.833000000000000
0.207000000000000 0.993480192097203 0.833000000000000
0.206000000000000 0.994480192097204 0.833000000000000
0.205000000000000 0.995480192097204 0.833000000000000
0.204000000000000 0.996480192097203 0.833000000000000
0.203000000000000 0.997480192097204 0.833000000000000
0.202000000000000 0.998480192097204 0.833000000000000
0.201000000000000 0.999480192097203 0.833000000000000
0.200000000000000 1.000480192097204 0.833000000000000
0.199000000000000 1.001480192097203 0.833000000000000
0.198000000000000 1.002480192097203 0.833000000000000
0.197000000000000 1.003480192097204 0.833000000000000
0.196000000000000 1.004480192097204 0.833000000000000
0.195000000000000 1.005480192097203 0.833000000000000
0.194000000000000 1.006480192097203 0.833000000000000
0.193000000000000 1.007480192097204 0.833000000000000
0.192000000000000 1.008480192097204 0.833000000000000
0.191000000000000 1.009480192097203 0.833000000000000
0.190000000000000 1.010480192097203 0.833000000000000
0.189000000000000 1.011480192097204 0.833000000000000
0.188000000000000 1.012480192097204 0.833000000000000
0.186999999999999 1.013480192097203 0.833000000000000
0.185999999999999 1.014480192097203 0.833000000000000
0.184999999999999 1.015480192097204 0.833000000000000
0.183999999999999 1.016480192097204 0.833000000000000
0.182999999999999 1.017480192097203 0.833000000000000
0.181999999999999 1.018480192097203 0.833000000000000
0.180999999999999 1.019480192097204 0.833000000000000
0.179999999999999 1.020480192097204 0.833000000000000
0.178999999999999 1.021480192097203 0.833000000000000
0.177999999999999 1.022480192097203 0.833000000000000
0.176999999999999 1.023480192097204 0.833000000000000
0.175999999999999 1.024480192097204 0.833000000000000
0.174999999999999 1.025480192097203 0.833000000000000
0.173999999999999 1.026480192097203 0.833000000000000
0.172999999999999 1.027480192097204 0.833000000000000
0.171999999999999 1.028480192097204 0.833000000000000
0.170999999999999 1.029480192097203 0.833000000000000
0.169999999999999 1.030480192097203 0.833000000000000
0.168999999999999 1.031480192097204 0.833000000000000
0.167999999999999 1.032480192097204 0.833000000000000
0.166999999999999 1.033480192097203 0.833000000000000
0.165999999999999 1.034480192097203 0.833000000000000
0.164999999999999 1.035480192097204 0.833000000000000
0.163999999999999 1.036480192097204 0.833000000000000
0.162999999999999 1.037480192097203 0.833000000000000
0.161999999999999 1.038480192097203 0.833000000000000
0.160999999999999 1.039480192097204 0.833000000000000
0.159999999999999 1.040480192097204 0.833000000000000
0.158999999999999 1.041480192097203 0.833000000000000
0.157999999999999 1.042480192097203 0.833000000000000
0.156999999999999 1.043480192097204 0.833000000000000
0.155999999999999 1.044480192097204 0.833000000000000
0.154999999999999 1.045480192097203 0.833000000000000
0.153999999999999 1.046480192097203 0.833000000000000
0.152999999999999 1.047480192097204 0.833000000000000
0.151999999999999 1.048480192097204 0.833000000000000
0.150999999999999 1.049480192097203 0.833000000000000
0.149999999999999 1.050480192097203 0.833000000000000
0.148999999999999 1.051480192097204 0.833000000000000
0.147999999999999 1.052480192097204 0.833000000000000
0.146999999999999 1.053480192097203 0.833000000000000
0.145999999999999 1.054480192097203 0.833000000000000
0.144999999999999 1.055480192097204 0.833000000000000
0.143999999999999 1.056480192097204 0.833000000000000
0.142999999999999 1.057480192097203 0.833000000000000
0.141999999999999 1.058480192097203 0.833000000000000
0.140999999999999 1.059480192097204 0.833000000000000
0.139999999999999 1.060480192097204 0.833000000000000
0.138999999999999 1.061480192097203 0.833000000000000
0.137999999999999 1.062480192097203 0.833000000000000
0.136999999999999 1.063480192097204 0.833000000000000
0.135999999999999 1.064480192097204 0.833000000000000
0.134999999999999 1.065480192097203 0.833000000000000
0.133999999999999 1.066480192097203 0.833000000000000
0.132999999999999 1.067480192097204 0.833000000000000
0.131999999999999 1.068480192097204 0.833000000000000
0.130999999999999 1.069480192097203 0.833000000000000
0.129999999999999 1.070480192097203 0.833000000000000
0.128999999999999 1.071480192097204 0.833000000000000
0.127999999999999 1.072480192097204 0.833000000000000
0.126999999999999 1.073480192097203 0.833000000000000
0.125999999999999 1.074480192097203 0.833000000000000
0.124999999999999 1.075480192097204 0.833000000000000
0.123999999999999 1.076480192097204 0.833000000000000
0.122999999999999 1.077480192097203 0.833000000000000
0.121999999999999 1.078480192097203 0.833000000000000
0.120999999999999 1.079480192097204 0.833000000000000
0.119999999999999 1.080480192097204 0.833000000000000
0.118999999999999 1.081480192097203 0.833000000000000
0.117999999999999 1.082480192097203 0.833000000000000
0.116999999999999 1.083480192097204 0.833000000000000
0.115999999999999 1.084480192097204 0.833000000000000
0.114999999999999 1.085480192097203 0.833000000000000
0.113999999999999 1.086480192097203 0.833000000000000
0.112999999999999 1.087480192097204 0.833000000000000
0.111999999999999 1.088480192097204 0.833000000000000
0.110999999999999 1.089480192097203 0.833000000000000
0.109999999999999 1.090480192097203 0.833000000000000
0.108999999999999 1.091480192097204 0.833000000000000
0.107999999999999 1.092480192097204 0.833000000000000
0.106999999999999 1.093480192097203 0.833000000000000
0.105999999999999 1.094480192097203 0.833000000000000
0.104999999999999 1.095480192097204 0.833000000000000
0.103999999999999 1.096480192097204 0.833000000000000
0.102999999999999 1.097480192097203 0.833000000000000
0.101999999999999 1.098480192097203 0.833000000000000
0.100999999999999 1.099480192097204 0.833000000000000
0.099999999999999 1.100480192097204 0.833000000000000
0.098999999999999 1.101480192097203 0.833000000000000
0.097999999999999 1.102480192097203 0.833000000000000
0.096999999999999 1.103480192097204 0.833000000000000
0.095999999999999 1.104480192097204 0.833000000000000
0.094999999999999 1.105480192097203 0.833000000000000
0.093999999999999 1.106480192097203 0.833000000000000
0.092999999999999 1.107480192097204 0.833000000000000
0.091999999999999 1.108480192097204 0.833000000000000
0.090999999999999 1.109480192097203 0.833000000000000
0.089999999999999 1.110480192097203 0.833000000000000
0.088999999999999 1.111480192097204 0.833000000000000
0.087999999999999 1.112480192097204 0.833000000000000
0.086999999999999 1.113480192097204 0.833000000000000
0.085999999999999 1.114480192097203 0.833000000000000
0.084999999999999 1.115480192097204 0.833000000000000
0.083999999999999 1.116480192097204 0.833000000000000
0.082999999999999 1.117480192097204 0.833000000000000
0.081999999999999 1.118480192097203 0.833000000000000
0.080999999999999 1.119480192097204 0.833000000000000
0.079999999999999 1.120480192097204 0.833000000000000
0.078999999999999 1.121480192097204 0.833000000000000
0.077999999999999 1.122480192097203 0.833000000000000
0.076999999999999 1.123480192097204 0.833000000000000
0.075999999999999 1.124480192097204 0.833000000000000
0.074999999999999 1.125480192097204 0.833000000000000
0.073999999999999 1.126480192097203 0.833000000000000
0.072999999999999 1.127480192097204 0.833000000000000
0.071999999999999 1.128480192097204 0.833000000000000
0.070999999999999 1.129480192097204 0.833000000000000
0.069999999999999 1.130480192097203 0.833000000000000
0.068999999999999 1.131480192097204 0.833000000000000
0.067999999999999 1.132480192097204 0.833000000000000
0.066999999999999 1.133480192097204 0.833000000000000
0.065999999999999 1.134480192097203 0.833000000000000
0.064999999999999 1.135480192097204 0.833000000000000
0.063999999999999 1.136480192097204 0.833000000000000
0.062999999999999 1.137480192097204 0.833000000000000
0.061999999999999 1.138480192097203 0.833000000000000
0.060999999999999 1.139480192097204 0.833000000000000
0.059999999999999 1.140480192097204 0.833000000000000
0.058999999999999 1.141480192097204 0.833000000000000
0.057999999999999 1.142480192097203 0.833000000000000
0.056999999999999 1.143480192097204 0.833000000000000
0.055999999999999 1.144480192097204 0.833000000000000
0.054999999999999 1.145480192097204 0.833000000000000
0.053999999999999 1.146480192097203 0.833000000000000
0.052999999999999 1.147480192097204 0.833000000000000
0.051999999999999 1.148480192097204 0.833000000000000
0.050999999999999 1.149480192097204 0.833000000000000
0.049999999999999 1.150480192097203 0.833000000000000
0.048999999999999 1.151480192097204 0.833000000000000
0.047999999999999 1.152480192097204 0.833000000000000
0.046999999999999 1.153480192097204 0.833000000000000
0.045999999999999 1.154480192097203 0.833000000000000
0.044999999999999 1.155480192097204 0.833000000000000
0.043999999999999 1.156480192097204 0.833000000000000
0.042999999999999 1.157480192097204 0.833000000000000
0.041999999999999 1.158480192097203 0.833000000000000
0.040999999999999 1.159480192097204 0.833000000000000
0.039999999999999 1.160480192097204 0.833000000000000
0.038999999999999 1.161480192097204 0.833000000000000
0.037999999999999 1.162480192097203 0.833000000000000
0.036999999999999 1.163480192097204 0.833000000000000
0.035999999999999 1.164480192097204 0.833000000000000
0.034999999999999 1.165480192097204 0.833000000000000
0.033999999999999 1.166480192097203 0.833000000000000
0.032999999999999 1.167480192097204 0.833000000000000
0.031999999999999 1.168480192097204 0.833000000000000
0.030999999999999 1.169480192097204 0.833000000000000
0.029999999999999 1.170480192097203 0.833000000000000
0.028999999999999 1.171480192097204 0.833000000000000
0.027999999999999 1.172480192097204 0.833000000000000
0.026999999999999 1.173480192097204 0.833000000000000
0.025999999999999 1.174480192097203 0.833000000000000
0.024999999999999 1.175480192097204 0.833000000000000
0.023999999999999 1.176480192097204 0.833000000000000
0.022999999999999 1.177480192097204 0.833000000000000
0.021999999999999 1.178480192097203 0.833000000000000
0.020999999999999 1.179480192097204 0.833000000000000
0.019999999999999 1.180480192097204 0.833000000000000
0.018999999999999 1.181480192097204 0.833000000000000
0.017999999999999 1.182480192097203 0.833000000000000
0.016999999999999 1.183480192097204 0.833000000000000
0.015999999999999 1.184480192097204 0.833000000000000
0.014999999999999 1.185480192097204 0.833000000000000
0.013999999999999 1.186480192097203 0.833000000000000
0.012999999999999 1.187480192097204 0.833000000000000
0.011999999999999 1.188480192097204 0.833000000000000
0.010999999999999 1.189480192097204 0.833000000000000
0.009999999999999 1.190480192097203 0.833000000000000
0.008999999999999 1.191480192097204 0.833000000000000
0.007999999999999 1.192480192097204 0.833000000000000
0.006999999999999 1.193480192097204 0.833000000000000
0.005999999999999 1.194480192097203 0.833000000000000
0.004999999999999 1.195480192097203 0.833000000000000
0.003999999999999 1.196480192097204 0.833000000000000
0.002999999999999 1.197480192097204 0.833000000000000
0.001999999999999 1.198480192097203 0.833000000000000
0.000999999999999 1.199480192097203 0.833000000000000
-0.000000000000001 1.200480192097204 0.833000000000000
-0.001000000000001 1.201480192097204 0.833000000000000
-0.002000000000001 1.202480192097203 0.833000000000000
-0.003000000000001 1.203480192097203 0.833000000000000
-0.004000000000001 1.204480192097204 0.833000000000000
-0.005000000000001 1.205480192097204 0.833000000000000
-0.006000000000001 1.206480192097203 0.833000000000000
-0.007000000000001 1.207480192097203 0.833000000000000
-0.008000000000001 1.208480192097204 0.833000000000000
-0.009000000000001 1.209480192097204 0.833000000000000
-0.010000000000001 1.210480192097203 0.833000000000000
-0.011000000000001 1.211480192097203 0.833000000000000
-0.012000000000001 1.212480192097204 0.833000000000000
-0.013000000000001 1.213480192097204 0.833000000000000
-0.014000000000001 1.214480192097203 0.833000000000000
-0.015000000000001 1.215480192097203 0.833000000000000
-0.016000000000001 1.216480192097204 0.833000000000000
-0.017000000000001 1.217480192097204 0.833000000000000
-0.018000000000001 1.218480192097203 0.833000000000000
-0.019000000000001 1.219480192097203 0.833000000000000
-0.020000000000001 1.220480192097204 0.833000000000000
-0.021000000000001 1.221480192097204 0.833000000000000
-0.022000000000001 1.222480192097203 0.833000000000000
-0.023000000000001 1.223480192097203 0.833000000000000
-0.024000000000001 1.224480192097204 0.833000000000000
-0.025000000000001 1.225480192097204 0.833000000000000
-0.026000000000001 1.226480192097203 0.833000000000000
-0.027000000000001 1.227480192097203 0.833000000000000
-0.028000000000001 1.228480192097204 0.833000000000000
-0.029000000000001 1.229480192097204 0.833000000000000
-0.030000000000001 1.230480192097203 0.833000000000000
-0.031000000000001 1.231480192097203 0.833000000000000
-0.032000000000001 1.232480192097204 0.833000000000000
-0.033000000000001 1.233480192097204 0.833000000000000
-0.034000000000001 1.234480192097203 0.833000000000000
-0.035000000000001 1.235480192097203 0.833000000000000
-0.036000000000001 1.236480192097204 0.833000000000000
-0.037000000000001 1.237480192097204 0.833000000000000
-0.038000000000001 1.238480192097204 0.833000000000000
-0.039000000000001 1.239480192097203 0.833000000000000
-0.040000000000001 1.240480192097204 0.833000000000000
-0.041000000000001 1.241480192097204 0.833000000000000
-0.042000000000001 1.242480192097204 0.833000000000000
-0.043000000000001 1.243480192097203 0.833000000000000
-0.044000000000001 1.244480192097204 0.833000000000000
-0.045000000000001 1.245480192097204 0.833000000000000
-0.046000000000001 1.246480192097204 0.833000000000000
-0.047000000000001 1.247480192097203 0.833000000000000
-0.048000000000001 1.248480192097204 0.833000000000000
-0.049000000000001 1.249480192097204 0.833000000000000
-0.050000000000001 1.250480192097204 0.833000000000000
-0.051000000000001 1.251480192097203 0.833000000000000
-0.052000000000001 1.252480192097204 0.833000000000000
-0.053000000000001 1.253480192097204 0.833000000000000
-0.054000000000001 1.254480192097204 0.833000000000000
-0.055000000000001 1.255480192097203 0.833000000000000
-0.056000000000001 1.256480192097204 0.833000000000000
-0.057000000000001 1.257480192097204 0.833000000000000
-0.058000000000001 1.258480192097204 0.833000000000000
-0.059000000000001 1.259480192097203 0.833000000000000
-0.060000000000001 1.260480192097204 0.833000000000000
-0.061000000000001 1.261480192097204 0.833000000000000
-0.062000000000001 1.262480192097204 0.833000000000000
-0.063000000000001 1.263480192097203 0.833000000000000
-0.064000000000001 1.264480192097204 0.833000000000000
-0.065000000000001 1.265480192097204 0.833000000000000
-0.066000000000001 1.266480192097204 0.833000000000000
-0.067000000000001 1.267480192097203 0.833000000000000
-0.068000000000001 1.268480192097204 0.833000000000000
-0.069000000000001 1.269480192097204 0.833000000000000
-0.070000000000001 1.270480192097204 0.833000000000000
-0.071000000000001 1.271480192097203 0.833000000000000
-0.072000000000001 1.272480192097204 0.833000000000000
-0.073000000000001 1.273480192097204 0.833000000000000
-0.074000000000001 1.274480192097204 0.833000000000000
-0.075000000000001 1.275480192097203 0.833000000000000
-0.076000000000001 1.276480192097204 0.833000000000000
-0.077000000000001 1.277480192097204 0.833000000000000
-0.078000000000001 1.278480192097204 0.833000000000000
-0.079000000000001 1.279480192097203 0.833000000000000
-0.080000000000001 1.280480192097204 0.833000000000000
-0.081000000000001 1.281480192097204 0.833000000000000
-0.082000000000001 1.282480192097204 0.833000000000000
-0.083000000000001 1.283480192097203 0.833000000000000
-0.084000000000001 1.284480192097204 0.833000000000000
-0.085000000000001 1.285480192097204 0.833000000000000
-0.086000000000001 1.286480192097204 0.833000000000000
-0.087000000000001 1.287480192097203 0.833000000000000
-0.088000000000001 1.288480192097204 0.833000000000000
-0.089000000000001 1.289480192097204 0.833000000000000
-0.090000000000001 1.290480192097204 0.833000000000000
-0.091000000000001 1.291480192097203 0.833000000000000
-0.092000000000001 1.292480192097204 0.833000000000000
-0.093000000000001 1.293480192097204 0.833000000000000
-0.094000000000001 1.294480192097204 0.833000000000000
-0.095000000000001 1.295480192097203 0.833000000000000
-0.096000000000001 1.296480192097204 0.833000000000000
-0.097000000000001 1.297480192097204 0.833000000000000
-0.098000000000001 1.298480192097204 0.833000000000000
-0.099000000000001 1.299480192097203 0.833000000000000
-0.100000000000001 1.300480192097204 0.833000000000000
-0.101000000000001 1.301480192097204 0.833000000000000
-0.102000000000001 1.302480192097204 0.833000000000000
-0.103000000000001 1.303480192097203 0.833000000000000
-0.104000000000001 1.304480192097204 0.833000000000000
-0.105000000000001 1.305480192097204 0.833000000000000
-0.106000000000001 1.306480192097204 0.833000000000000
-0.107000000000001 1.307480192097203 0.833000000000000
-0.108000000000001 1.308480192097204 0.833000000000000
-0.109000000000001 1.309480192097204 0.833000000000000
-0.110000000000001 1.310480192097204 0.833000000000000
-0.111000000000001 1.311480192097203 0.833000000000000
-0.112000000000001 1.312480192097204 0.833000000000000
-0.113000000000001 1.313480192097204 0.833000000000000
-0.114000000000001 1.314480192097204 0.833000000000000
-0.115000000000001 1.315480192097203 0.833000000000000
-0.116000000000001 1.316480192097204 0.833000000000000
-0.117000000000001 1.317480192097204 0.833000000000000
-0.118000000000001 1.318480192097204 0.833000000000000
-0.119000000000001 1.319480192097203 0.833000000000000
-0.120000000000001 1.320480192097204 0.833000000000000
-0.121000000000001 1.321480192097204 0.833000000000000
-0.122000000000001 1.322480192097204 0.833000000000000
-0.123000000000001 1.323480192097203 0.833000000000000
-0.124000000000001 1.324480192097204 0.833000000000000
-0.125000000000001 1.325480192097204 0.833000000000000
-0.126000000000001 1.326480192097204 0.833000000000000
-0.127000000000001 1.327480192097203 0.833000000000000
-0.128000000000001 1.328480192097204 0.833000000000000
-0.129000000000001 1.329480192097204 0.833000000000000
-0.130000000000001 1.330480192097204 0.833000000000000
-0.131000000000001 1.331480192097203 0.833000000000000
-0.132000000000001 1.332480192097204 0.833000000000000
-0.133000000000001 1.333480192097204 0.833000000000000
-0.134000000000001 1.334480192097204 0.833000000000000
-0.135000000000001 1.335480192097203 0.833000000000000
-0.136000000000001 1.336480192097204 0.833000000000000
-0.137000000000001 1.337480192097204 0.833000000000000
-0.138000000000001 1.338480192097204 0.833000000000000
-0.139000000000001 1.339480192097203 0.833000000000000
-0.140000000000001 1.340480192097204 0.833000000000000
-0.141000000000001 1.341480192097204 0.833000000000000
-0.142000000000001 1.342480192097204 0.833000000000000
-0.143000000000001 1.343480192097203 0.833000000000000
-0.144000000000001 1.344480192097204 0.833000000000000
-0.145000000000001 1.345480192097204 0.833000000000000
-0.146000000000001 1.346480192097204 0.833000000000000
-0.147000000000001 1.347480192097203 0.833000000000000
-0.148000000000001 1.348480192097204 0.833000000000000
-0.149000000000001 1.349480192097204 0.833000000000000
-0.150000000000001 1.350480192097204 0.833000000000000
-0.151000000000001 1.351480192097203 0.833000000000000
-0.152000000000001 1.352480192097204 0.833000000000000
-0.153000000000001 1.353480192097204 0.833000000000000
-0.154000000000001 1.354480192097204 0.833000000000000
-0.155000000000001 1.355480192097203 0.833000000000000
-0.156000000000001 1.356480192097204 0.833000000000000
-0.157000000000001 1.357480192097204 0.833000000000000
-0.158000000000001 1.358480192097204 0.833000000000000
-0.159000000000001 1.359480192097203 0.833000000000000
-0.160000000000001 1.360480192097204 0.833000000000000
-0.161000000000001 1.361480192097204 0.833000000000000
-0.162000000000001 1.362480192097204 0.833000000000000
-0.163000000000001 1.363480192097203 0.833000000000000
-0.164000000000001 1.364480192097204 0.833000000000000
-0.165000000000001 1.365480192097204 0.833000000000000
-0.166000000000001 1.366480192097204 0.833000000000000
-0.167000000000001 1.367480192097203 0.833000000000000
-0.168000000000001 1.368480192097204 0.833000000000000
-0.169000000000001 1.369480192097204 0.833000000000000
-0.170000000000001 1.370480192097204 0.833000000000000
-0.171000000000001 1.371480192097203 0.833000000000000
-0.172000000000001 1.372480192097204 0.833000000000000
-0.173000000000001 1.373480192097204 0.833000000000000
-0.174000000000001 1.374480192097204 0.833000000000000
-0.175000000000001 1.375480192097203 0.833000000000000
-0.176000000000001 1.376480192097204 0.833000000000000
-0.177000000000001 1.377480192097204 0.833000000000000
-0.178000000000001 1.378480192097204 0.833000000000000
-0.179000000000001 1.379480192097203 0.833000000000000
-0.180000000000001 1.380480192097204 0.833000000000000
-0.181000000000001 1.381480192097204 0.833000000000000
-0.182000000000001 1.382480192097204 0.833000000000000
-0.183000000000001 1.383480192097203 0.833000000000000
-0.184000000000001 1.384480192097204 0.833000000000000
-0.185000000000001 1.385480192097204 0.833000000000000
-0.186000000000001 1.386480192097204 0.833000000000000
-0.187000000000001 1.387480192097203 0.833000000000000
-0.188000000000001 1.388480192097204 0.833000000000000
-0.189000000000001 1.389480192097204 0.833000000000000
-0.190000000000001 1.390480192097204 0.833000000000000
-0.191000000000001 1.391480192097203 0.833000000000000
-0.192000000000001 1.392480192097204 0.833000000000000
-0.193000000000001 1.393480192097204 0.833000000000000
-0.194000000000001 1.394480192097204 0.833000000000000
-0.195000000000001 1.395480192097203 0.833000000000000
-0.196000000000001 1.396480192097204 0.833000000000000
-0.197000000000001 1.397480192097204 0.833000000000000
-0.198000000000001 1.398480192097204 0.833000000000000
-0.199000000000001 1.399480192097203 0.833000000000000
-0.200000000000001 1.400480192097204 0.833000000000000
-0.201000000000001 1.401480192097204 0.833000000000000
-0.202000000000001 1.402480192097204 0.833000000000000
-0.203000000000001 1.403480192097203 0.833000000000000
-0.204000000000001 1.404480192097204 0.833000000000000
-0.205000000000001 1.405480192097204 0.833000000000000
-0.206000000000001 1.406480192097204 0.833000000000000
-0.207000000000001 1.407480192097203 0.833000000000000
-0.208000000000001 1.408480192097204 0.833000000000000
-0.209000000000001 1.409480192097204 0.833000000000000
-0.210000000000001 1.410480192097204 0.833000000000000
-0.211000000000001 1.411480192097203 0.833000000000000
-0.212000000000001 1.412480192097204 0.833000000000000
-0.213000000000001 1.413480192097204 0.833000000000000
-0.214000000000001 1.414480192097204 0.833000000000000
-0.215000000000001 1.415480192097203 0.833000000000000
-0.216000000000001 1.416480192097204 0.833000000000000
-0.217000000000001 1.417480192097204 0.833000000000000
-0.218000000000001 1.418480192097204 0.833000000000000
-0.219000000000001 1.419480192097203 0.833000000000000
-0.220000000000001 1.420480192097204 0.833000000000000
-0.221000000000001 1.421480192097204 0.833000000000000
-0.222000000000001 1.422480192097204 0.833000000000000
-0.223000000000001 1.423480192097203 0.833000000000000
-0.224000000000001 1.424480192097204 0.833000000000000
-0.225000000000001 1.425480192097204 0.833000000000000
-0.226000000000001 1.426480192097204 0.833000000000000
-0.227000000000001 1.427480192097203 0.833000000000000
-0.228000000000001 1.428480192097204 0.833000000000000
-0.229000000000001 1.429480192097204 0.833000000000000
-0.230000000000001 1.430480192097204 0.833000000000000
-0.231000000000001 1.431480192097203 0.833000000000000
-0.232000000000001 1.432480192097204 0.833000000000000
-0.233000000000001 1.433480192097204 0.833000000000000
-0.234000000000001 1.434480192097204 0.833000000000000
-0.235000000000001 1.435480192097203 0.833000000000000
-0.236000000000001 1.436480192097204 0.833000000000000
-0.237000000000001 1.437480192097204 0.833000000000000
-0.238000000000001 1.438480192097204 0.833000000000000
-0.239000000000001 1.439480192097203 0.833000000000000
-0.240000000000001 1.440480192097204 0.833000000000000
-0.241000000000001 1.441480192097204 0.833000000000000
-0.242000000000001 1.442480192097204 0.833000000000000
-0.243000000000001 1.443480192097203 0.833000000000000
-0.244000000000001 1.444480192097204 0.833000000000000
-0.245000000000001 1.445480192097204 0.833000000000000
-0.246000000000001 1.446480192097204 0.833000000000000
-0.247000000000001 1.447480192097203 0.833000000000000
-0.248000000000001 1.448480192097204 0.833000000000000
-0.249000000000001 1.449480192097204 0.833000000000000
-0.250000000000001 1.450480192097204 0.833000000000000
-0.251000000000001 1.451480192097203 0.833000000000000
-0.252000000000001 1.452480192097204 0.833000000000000
-0.253000000000001 1.453480192097204 0.833000000000000
-0.254000000000001 1.454480192097204 0.833000000000000
-0.255000000000001 1.455480192097203 0.833000000000000
-0.256000000000001 1.456480192097204 0.833000000000000
-0.257000000000001 1.457480192097204 0.833000000000000
-0.258000000000001 1.458480192097204 0.833000000000000
-0.259000000000001 1.459480192097203 0.833000000000000
-0.260000000000001 1.460480192097204 0.833000000000000
-0.261000000000001 1.461480192097204 0.833000000000000
-0.262000000000001 1.462480192097204 0.833000000000000
-0.263000000000001 1.463480192097203 0.833000000000000
-0.264000000000001 1.464480192097204 0.833000000000000
-0.265000000000001 1.465480192097204 0.833000000000000
-0.266000000000001 1.466480192097204 0.833000000000000
-0.267000000000001 1.467480192097203 0.833000000000000
-0.268000000000001 1.468480192097204 0.833000000000000
-0.269000000000001 1.469480192097204 0.833000000000000
-0.270000000000001 1.470480192097204 0.833000000000000
-0.271000000000001 1.471480192097203 0.833000000000000
-0.272000000000001 1.472480192097204 0.833000000000000
-0.273000000000001 1.473480192097204 0.833000000000000
-0.274000000000001 1.474480192097204 0.833000000000000
-0.275000000000001 1.475480192097203 0.833000000000000
-0.276000000000001 1.476480192097204 0.833000000000000
-0.277000000000001 1.477480192097204 0.833000000000000
-0.278000000000001 1.478480192097204 0.833000000000000
-0.279000000000001 1.479480192097203 0.833000000000000
-0.280000000000001 1.480480192097204 0.833000000000000
-0.281000000000001 1.481480192097204 0.833000000000000
-0.282000000000001 1.482480192097204 0.833000000000000
-0.283000000000001 1.483480192097203 0.833000000000000
-0.284000000000001 1.484480192097204 0.833000000000000
-0.285000000000001 1.485480192097204 0.833000000000000
-0.286000000000001 1.486480192097204 0.833000000000000
-0.287000000000001 1.487480192097203 0.833000000000000
-0.288000000000001 1.488480192097204 0.833000000000000
-0.289000000000001 1.489480192097204 0.833000000000000
-0.290000000000001 1.490480192097204 0.833000000000000
-0.291000000000001 1.491480192097203 0.833000000000000
-0.292000000000001 1.492480192097204 0.833000000000000
-0.293000000000001 1.493480192097204 0.833000000000000
-0.294000000000001 1.494480192097204 0.833000000000000
-0.295000000000001 1.495480192097203 0.833000000000000
-0.296000000000001 1.496480192097204 0.833000000000000
-0.297000000000001 1.497480192097204 0.833000000000000
-0.298000000000001 1.498480192097204 0.833000000000000
