0.250000000000000 1.724154496661332 0.833000000000000
0.251000000000000 1.724206460705109 0.833000000000000
0.252000000000000 1.724264192406720 0.833000000000000
0.253000000000000 1.724327740474552 0.833000000000000
0.254000000000000 1.724397154178054 0.833000000000000
0.255000000000000 1.724472483351268 0.833000000000000
0.256000000000000 1.724553778400150 0.833000000000000
0.257000000000000 1.724641090311507 0.833000000000000
0.258000000000000 1.724734470661065 0.833000000000000
0.259000000000000 1.724833971622021 0.833000000000000
0.260000000000000 1.724939645974012 0.833000000000000
0.261000000000000 1.725051547111635 0.833000000000000
0.262000000000000 1.725169729053757 0.833000000000000
0.263000000000000 1.725294246452461 0.833000000000000
0.264000000000000 1.725425154602505 0.833000000000000
0.265000000000000 1.725562509450807 0.833000000000000
0.266000000000000 1.725706367606017 0.833000000000000
0.267000000000000 1.725856786348478 0.833000000000000
0.268000000000000 1.726013823640165 0.833000000000000
0.269000000000000 1.726177538134898 0.833000000000000
0.270000000000000 1.726347989188590 0.833000000000000
0.271000000000000 1.726525236870203 0.833000000000000
0.272000000000000 1.726709341972106 0.833000000000000
0.273000000000000 1.726900366021117 0.833000000000000
0.274000000000000 1.727098371289697 0.833000000000000
0.275000000000000 1.727303420807305 0.833000000000000
0.276000000000000 1.727515578371875 0.833000000000000
0.277000000000000 1.727734908561755 0.833000000000000
0.278000000000000 1.727961476747468 0.833000000000000
0.279000000000000 1.728195349104101 0.833000000000000
0.280000000000000 1.728436592623720 0.833000000000000
0.281000000000000 1.728685275127824 0.833000000000000
0.282000000000000 1.728941465280645 0.833000000000000
0.283000000000000 1.729205232601809 0.833000000000000
0.284000000000000 1.729476647480123 0.833000000000000
0.285000000000000 1.729755781186943 0.833000000000000
0.286000000000000 1.730042705890269 0.833000000000000
0.287000000000000 1.730337494668698 0.833000000000000
0.288000000000000 1.730640221526118 0.833000000000000
0.289000000000000 1.730950961406087 0.833000000000000
0.290000000000000 1.731269790206940 0.833000000000000
0.291000000000000 1.731596784797295 0.833000000000000
0.292000000000000 1.731932023031158 0.833000000000000
0.293000000000000 1.732275583764134 0.833000000000000
0.294000000000000 1.732627546869471 0.833000000000000
0.295000000000000 1.732987993254469 0.833000000000000
0.296000000000000 1.733357004877470 0.833000000000000
0.297000000000000 1.733734664764730 0.833000000000000
0.298000000000000 1.734121057028059 0.833000000000000
0.299000000000000 1.734516266882529 0.833000000000000
0.300000000000000 1.734920380664695 0.833000000000000
0.301000000000000 1.735333485851105 0.833000000000000
0.302000000000000 1.735755671076984 0.833000000000000
0.303000000000000 1.736187026155760 0.833000000000000
0.304000000000000 1.736627642098494 0.833000000000000
0.305000000000000 1.737077611133983 0.833000000000000
0.306000000000000 1.737537026729240 0.833000000000000
0.307000000000000 1.738005983610146 0.833000000000000
0.308000000000000 1.738484577782993 0.833000000000000
0.309000000000000 1.738972906555821 0.833000000000000
0.310000000000000 1.739471068560834 0.833000000000000
0.311000000000000 1.739979163776895 0.833000000000000
0.312000000000000 1.740497293552422 0.833000000000000
0.313000000000000 1.741025560629118 0.833000000000000
0.314000000000000 1.741564069165813 0.833000000000000
0.315000000000000 1.742112924763120 0.833000000000000
0.316000000000000 1.742672234488099 0.833000000000000
0.317000000000000 1.743242106900092 0.833000000000000
0.318000000000000 1.743822652076707 0.833000000000000
0.319000000000000 1.744413981640214 0.833000000000000
0.320000000000000 1.745016208785097 0.833000000000000
0.321000000000000 1.745629448305356 0.833000000000000
0.322000000000000 1.746253816623061 0.833000000000000
0.323000000000000 1.746889431817135 0.833000000000000
0.324000000000000 1.747536413652981 0.833000000000000
0.325000000000000 1.748194883612512 0.833000000000000
0.326000000000000 1.748864964925102 0.833000000000000
0.327000000000000 1.749546782598923 0.833000000000000
0.328000000000000 1.750240463453264 0.833000000000000
0.329000000000000 1.750946136151003 0.833000000000000
0.330000000000000 1.751663931232282 0.833000000000000
0.331000000000000 1.752393981149176 0.833000000000000
0.332000000000000 1.753136420300224 0.833000000000000
0.333000000000000 1.753891385066557 0.833000000000000
0.334000000000000 1.754659013848213 0.833000000000000
0.335000000000000 1.755439447101798 0.833000000000000
0.336000000000000 1.756232827378403 0.833000000000000
0.337000000000000 1.757039299363075 0.833000000000000
0.338000000000000 1.757859009914148 0.833000000000000
0.339000000000000 1.758692108104889 0.833000000000000
0.340000000000000 1.759538745264537 0.833000000000000
0.341000000000000 1.760399075021524 0.833000000000000
0.342000000000000 1.761273253346633 0.833000000000000
0.343000000000000 1.762161438597940 0.833000000000000
0.344000000000000 1.763063791566544 0.833000000000000
0.345000000000000 1.763980475523298 0.833000000000000
0.346000000000000 1.764911656266515 0.833000000000000
0.347000000000000 1.765857502170787 0.833000000000000
0.348000000000000 1.766818184237196 0.833000000000000
0.349000000000000 1.767793876144482 0.833000000000000
0.350000000000000 1.768784754301265 0.833000000000000
0.351000000000000 1.769790997899805 0.833000000000000
0.352000000000000 1.770812788970815 0.833000000000000
0.353000000000000 1.771850312439776 0.833000000000000
0.354000000000000 1.772903756184383 0.833000000000000
0.355000000000000 1.773973311092873 0.833000000000000
0.356000000000000 1.775059171124977 0.833000000000000
0.357000000000000 1.776161533373677 0.833000000000000
0.358000000000000 1.777280598127852 0.833000000000000
0.359000000000000 1.778416568937471 0.833000000000000
0.360000000000000 1.779569652679559 0.833000000000000
0.361000000000000 1.780740059626384 0.833000000000000
0.362000000000000 1.781928003514778 0.833000000000000
0.363000000000000 1.783133701617464 0.833000000000000
0.364000000000000 1.784357374816133 0.833000000000000
0.365000000000000 1.785599247676402 0.833000000000000
0.366000000000000 1.786859548524075 0.833000000000000
0.367000000000000 1.788138509523755 0.833000000000000
0.368000000000000 1.789436366759882 0.833000000000000
0.369000000000000 1.790753360318899 0.833000000000000
0.370000000000000 1.792089734374190 0.833000000000000
0.371000000000000 1.793445737272539 0.833000000000000
0.372000000000000 1.794821621623388 0.833000000000000
0.373000000000000 1.796217644389909 0.833000000000000
0.374000000000000 1.797634066982737 0.833000000000000
0.375000000000000 1.799071155355900 0.833000000000000
0.376000000000000 1.800529180105293 0.833000000000000
0.377000000000000 1.802008416570265 0.833000000000000
0.378000000000000 1.803509144935796 0.833000000000000
0.379000000000000 1.805031650340271 0.833000000000000
0.380000000000000 1.806576222984467 0.833000000000000
0.381000000000000 1.808143158243201 0.833000000000000
0.382000000000000 1.809732756780671 0.833000000000000
0.383000000000000 1.811345324668260 0.833000000000000
0.384000000000000 1.812981173505853 0.833000000000000
0.385000000000000 1.814640620546464 0.833000000000000
0.386000000000000 1.816323988823837 0.833000000000000
0.387000000000000 1.818031607284071 0.833000000000000
0.388000000000000 1.819763810920272 0.833000000000000
0.389000000000000 1.821520940910210 0.833000000000000
0.390000000000000 1.823303344760369 0.833000000000000
0.391000000000000 1.825111376450982 0.833000000000000
0.392000000000000 1.826945396586827 0.833000000000000
0.393000000000000 1.828805772551461 0.833000000000000
0.394000000000000 1.830692878666044 0.833000000000000
0.395000000000000 1.832607096352532 0.833000000000000
0.396000000000000 1.834548814301659 0.833000000000000
0.397000000000000 1.836518428645161 0.833000000000000
0.398000000000000 1.838516343133974 0.833000000000000
0.399000000000000 1.840542969319398 0.833000000000000
0.400000000000000 1.842598726742061 0.833000000000000
0.401000000000000 1.844684043124663 0.833000000000000
0.402000000000000 1.846799354570867 0.833000000000000
0.403000000000000 1.848945105769886 0.833000000000000
0.404000000000000 1.851121750206491 0.833000000000000
0.405000000000000 1.853329750378424 0.833000000000000
0.406000000000000 1.855569578018775 0.833000000000000
0.407000000000000 1.857841714326282 0.833000000000000
0.408000000000000 1.860146650201563 0.833000000000000
0.409000000000000 1.862484886490419 0.833000000000000
0.410000000000000 1.864856934234944 0.833000000000000
0.411000000000000 1.867263314932455 0.833000000000000
0.412000000000000 1.869704560801365 0.833000000000000
0.413000000000000 1.872181215055956 0.833000000000000
0.414000000000000 1.874693832188994 0.833000000000000
0.415000000000000 1.877242978263647 0.833000000000000
0.416000000000000 1.879829231213611 0.833000000000000
0.417000000000000 1.882453181153823 0.833000000000000
0.418000000000000 1.885115430699666 0.833000000000000
0.419000000000000 1.887816595296532 0.833000000000000
0.420000000000000 1.890557303560480 0.833000000000000
0.421000000000000 1.893338197629077 0.833000000000000
0.422000000000000 1.896159933523472 0.833000000000000
0.423000000000000 1.899023181522415 0.833000000000000
0.424000000000000 1.901928626547991 0.833000000000000
0.425000000000000 1.904876968564143 0.833000000000000
0.426000000000000 1.907868922987860 0.833000000000000
0.427000000000000 1.910905221114441 0.833000000000000
0.428000000000000 1.913986610556025 0.833000000000000
0.429000000000000 1.917113855695392 0.833000000000000
0.430000000000000 1.920287738154181 0.833000000000000
0.431000000000000 1.923509057277803 0.833000000000000
0.432000000000000 1.926778630635658 0.833000000000000
0.433000000000000 1.930097294538484 0.833000000000000
0.434000000000000 1.933465904574247 0.833000000000000
0.435000000000000 1.936885336161401 0.833000000000000
0.436000000000000 1.940356485121375 0.833000000000000
0.437000000000000 1.943880268271608 0.833000000000000
0.438000000000000 1.947457624038347 0.833000000000000
0.439000000000000 1.951089513091779 0.833000000000000
0.440000000000000 1.954776919002948 0.833000000000000
0.441000000000000 1.958520848923848 0.833000000000000
0.442000000000000 1.962322334293178 0.833000000000000
0.443000000000000 1.966182431565184 0.833000000000000
0.444000000000000 1.970102222967380 0.833000000000000
0.445000000000000 1.974082817283255 0.833000000000000
0.446000000000000 1.978125350666083 0.833000000000000
0.447000000000000 1.982230987481268 0.833000000000000
0.448000000000000 1.986400921179484 0.833000000000000
0.449000000000000 1.990636375203419 0.833000000000000
0.450000000000000 1.994938603928089 0.833000000000000
0.451000000000000 1.999308893636433 0.833000000000000
0.452000000000000 2.003748563532628 0.833000000000000
0.453000000000000 2.008258966793112 0.833000000000000
0.454000000000000 2.012841491658293 0.833000000000000
0.455000000000000 2.017497562569354 0.833000000000000
0.456000000000000 2.022228641343898 0.833000000000000
0.457000000000000 2.027036228401725 0.833000000000000
0.458000000000000 2.031921864037517 0.833000000000000
0.459000000000000 2.036887129745411 0.833000000000000
0.460000000000000 2.041933649594953 0.833000000000000
0.461000000000000 2.047063091663891 0.833000000000000
0.462000000000000 2.052277169526954 0.833000000000000
0.463000000000000 2.057577643809922 0.833000000000000
0.464000000000000 2.062966323803514 0.833000000000000
0.465000000000000 2.068445069143329 0.833000000000000
0.466000000000000 2.074015791563334 0.833000000000000
0.467000000000000 2.079680456721094 0.833000000000000
0.468000000000000 2.085441086101202 0.833000000000000
0.469000000000000 2.091299758998906 0.833000000000000
0.470000000000000 2.097258614587981 0.833000000000000
0.471000000000000 2.103319854081542 0.833000000000000
0.472000000000000 2.109485742986575 0.833000000000000
0.473000000000000 2.115758613449431 0.833000000000000
0.474000000000000 2.122140866714354 0.833000000000000
0.475000000000000 2.128634975688452 0.833000000000000
0.476000000000000 2.135243487620946 0.833000000000000
0.477000000000000 2.141969026904873 0.833000000000000
0.478000000000000 2.148814298002750 0.833000000000000
0.479000000000000 2.155782088516482 0.833000000000000
0.480000000000000 2.162875272389603 0.833000000000000
0.481000000000000 2.170096813257528 0.833000000000000
0.482000000000000 2.177449767962561 0.833000000000000
0.483000000000000 2.184937290233015 0.833000000000000
0.484000000000000 2.192562634537615 0.833000000000000
0.485000000000000 2.200329160125802 0.833000000000000
0.486000000000000 2.208240335257696 0.833000000000000
0.487000000000000 2.216299741666785 0.833000000000000
0.488000000000000 2.224511079204176 0.833000000000000
0.489000000000000 2.232878170738969 0.833000000000000
0.490000000000000 2.241404967300487 0.833000000000000
0.491000000000000 2.250095553480045 0.833000000000000
0.492000000000000 2.258954153108848 0.833000000000000
0.493000000000000 2.267985135224076 0.833000000000000
0.494000000000000 2.277193020354171 0.833000000000000
0.495000000000000 2.286582487136516 0.833000000000000
0.496000000000000 2.296158379257043 0.833000000000000
0.497000000000000 2.305925712790583 0.833000000000000
0.498000000000000 2.315889683926361 0.833000000000000
0.499000000000000 2.326055677113067 0.833000000000000
0.500000000000000 2.336429273650400 0.833000000000000
0.501000000000000 2.347016260744105 0.833000000000000
0.502000000000000 2.357822641122585 0.833000000000000
0.503000000000000 2.368854643102280 0.833000000000000
0.504000000000000 2.380118731296577 0.833000000000000
0.505000000000000 2.391621617920607 0.833000000000000
0.506000000000000 2.403370274752576 0.833000000000000
0.507000000000000 2.415371945795805 0.833000000000000
0.508000000000000 2.427634160674692 0.833000000000000
0.509000000000000 2.440164748896029 0.833000000000000
0.510000000000000 2.452971854872003 0.833000000000000
0.511000000000000 2.466063953923620 0.833000000000000
0.512000000000000 2.479449869262523 0.833000000000000
0.513000000000000 2.493138790025423 0.833000000000000
0.514000000000000 2.507140290442893 0.833000000000000
0.515000000000000 2.521464350209029 0.833000000000000
0.516000000000000 2.536121376240852 0.833000000000000
0.517000000000000 2.551122225724707 0.833000000000000
0.518000000000000 2.566478230758276 0.833000000000000
0.519000000000000 2.582201224619915 0.833000000000000
0.520000000000000 2.598303569793369 0.833000000000000
0.521000000000000 2.614798187898027 0.833000000000000
0.522000000000000 2.631698591646852 0.833000000000000
0.523000000000000 2.649018919145580 0.833000000000000
0.524000000000000 2.666773970402306 0.833000000000000
0.525000000000000 2.684979246581197 0.833000000000000
0.526000000000000 2.703650992045495 0.833000000000000
0.527000000000000 2.722806239461752 0.833000000000000
0.528000000000000 2.742462858218749 0.833000000000000
0.529000000000000 2.762639606472764 0.833000000000000
0.530000000000000 2.783356187193973 0.833000000000000
0.531000000000000 2.804633308327337 0.833000000000000
0.532000000000000 2.826492747782310 0.833000000000000
0.533000000000000 2.848957423475109 0.833000000000000
0.534000000000000 2.872051468946783 0.833000000000000
0.535000000000000 2.895800315052283 0.833000000000000
0.536000000000000 2.920230778448075 0.833000000000000
0.537000000000000 2.945371157260293 0.833000000000000
0.538000000000000 2.971251334842841 0.833000000000000
0.539000000000000 2.997902892433479 0.833000000000000
0.540000000000000 3.025359231519166 0.833000000000000
0.541000000000000 3.053655706936258 0.833000000000000
0.542000000000000 3.082829771793284 0.833000000000000
0.543000000000000 3.112921135685601 0.833000000000000
0.544000000000000 3.143971937059289 0.833000000000000
0.545000000000000 3.176026931945023 0.833000000000000
0.546000000000000 3.209133700464390 0.833000000000000
0.547000000000000 3.243342873197141 0.833000000000000
0.548000000000000 3.278708379624221 0.833000000000000
0.549000000000000 3.315287721475802 0.833000000000000
0.550000000000000 3.353142273364474 0.833000000000000
0.551000000000000 3.392337614506703 0.833000000000000
0.552000000000000 3.432943895137196 0.833000000000000
0.553000000000000 3.475036241881508 0.833000000000000
0.554000000000000 3.518695207002455 0.833000000000000
0.555000000000000 3.564007267358770 0.833000000000000
0.556000000000000 3.611065379298623 0.833000000000000
0.557000000000000 3.659969597056869 0.833000000000000
0.558000000000000 3.710827763528296 0.833000000000000
0.559000000000000 3.763756283231833 0.833000000000000
0.560000000000000 3.818880989152029 0.833000000000000
0.561000000000000 3.876338117157366 0.833000000000000
0.562000000000000 3.936275403825968 0.833000000000000
0.563000000000000 3.998853326017956 0.833000000000000
0.564000000000000 4.064246504630322 0.833000000000000
0.565000000000000 4.132645298008227 0.833000000000000
0.566000000000000 4.204257615698015 0.833000000000000
0.567000000000000 4.279310989001108 0.833000000000000
0.568000000000000 4.358054941835783 0.833000000000000
0.569000000000000 4.440763713470179 0.833000000000000
0.570000000000000 4.527739396431204 0.833000000000000
0.571000000000000 4.619315564779510 0.833000000000000
0.572000000000000 4.715861484679421 0.833000000000000
0.573000000000000 4.817787019368411 0.833000000000000
0.574000000000000 4.925548365900516 0.833000000000000
0.575000000000000 5.039654792628587 0.833000000000000
0.576000000000000 5.160676587893329 0.833000000000000
0.577000000000000 5.289254481253035 0.833000000000000
0.578000000000000 5.426110865765203 0.833000000000000
0.579000000000000 5.572063236370692 0.833000000000000
0.580000000000000 5.728040372053820 0.833000000000000
0.581000000000000 5.895101938393994 0.833000000000000
0.582000000000000 6.074462385007838 0.833000000000000
0.583000000000000 6.267520276964616 0.833000000000000
0.584000000000000 6.475894558432976 0.833000000000000
0.585000000000000 6.701469738537449 0.833000000000000
0.586000000000000 6.946452669172323 0.833000000000000
0.587000000000000 7.213444539396120 0.833000000000000
0.588000000000000 7.505533065812215 0.833000000000000
0.589000000000000 7.826411811748686 0.833000000000000
0.590000000000000 8.180536427609885 0.833000000000000
0.591000000000000 8.573331863495262 0.833000000000000
0.592000000000000 9.011471064351968 0.833000000000000
0.593000000000000 9.503255664274032 0.833000000000000
0.594000000000000 10.059145042559653 0.833000000000000
0.595000000000000 10.692505849889427 0.833000000000000
0.596000000000000 11.420697127169888 0.833000000000000
0.597000000000000 12.266680253759896 0.833000000000000
0.598000000000000 13.261475566227855 0.833000000000000
0.599000000000000 14.448034839243247 0.833000000000000
0.600000000000000 15.887577586469913 0.833000000000000
0.601000000000000 17.670441361798989 0.833000000000000
0.602000000000000 19.935672651930094 0.833000000000000
0.603000000000000 22.908239374888122 0.833000000000000
0.604000000000000 26.979823823198249 0.833000000000000
