0.250000000000000 1.724154496661332 0.833000000000000
0.249000000000000 1.724108252095677 0.833000000000000
0.248000000000000 1.724067679398597 0.833000000000000
0.247000000000000 1.724032731473937 0.833000000000000
0.246000000000000 1.724003361756068 0.833000000000000
0.245000000000000 1.723979524197615 0.833000000000000
0.244000000000000 1.723961173262268 0.833000000000000
0.243000000000000 1.723948263917714 0.833000000000000
0.242000000000000 1.723940751628519 0.833000000000000
0.241000000000000 1.723938592349512 0.833000000000000
0.240000000000000 1.723941742518761 0.833000000000000
0.239000000000000 1.723950159051238 0.833000000000000
0.238000000000000 1.723963799331936 0.833000000000000
0.237000000000000 1.723982621209761 0.833000000000000
0.236000000000000 1.724006582991074 0.833000000000000
0.235000000000000 1.724035643433361 0.833000000000000
0.234000000000000 1.724069761739258 0.833000000000000
0.233000000000000 1.724108897550770 0.833000000000000
0.232000000000000 1.724153010943037 0.833000000000000
0.231000000000000 1.724202062418524 0.833000000000000
0.230000000000000 1.724256012901407 0.833000000000000
0.229000000000000 1.724314823731878 0.833000000000000
0.228000000000000 1.724378456660643 0.833000000000000
0.227000000000000 1.724446873843347 0.833000000000000
0.226000000000000 1.724520037835485 0.833000000000000
0.225000000000000 1.724597911586758 0.833000000000000
0.224000000000000 1.724680458436089 0.833000000000000
0.223000000000000 1.724767642106501 0.833000000000000
0.222000000000000 1.724859426700004 0.833000000000000
0.221000000000000 1.724955776692639 0.833000000000000
0.220000000000000 1.725056656929704 0.833000000000000
0.219000000000000 1.725162032620829 0.833000000000000
0.218000000000000 1.725271869335223 0.833000000000000
0.217000000000000 1.725386132997219 0.833000000000000
0.216000000000000 1.725504789881112 0.833000000000000
0.215000000000000 1.725627806607608 0.833000000000000
0.214000000000000 1.725755150138751 0.833000000000000
0.213000000000000 1.725886787773560 0.833000000000000
0.212000000000000 1.726022687143830 0.833000000000000
0.211000000000000 1.726162816209909 0.833000000000000
0.210000000000000 1.726307143256357 0.833000000000000
0.209000000000000 1.726455636888077 0.833000000000000
0.208000000000000 1.726608266026098 0.833000000000000
0.207000000000000 1.726764999903650 0.833000000000000
0.206000000000000 1.726925808062153 0.833000000000000
0.205000000000000 1.727090660347454 0.833000000000000
0.204000000000000 1.727259526905981 0.833000000000000
0.203000000000000 1.727432378180952 0.833000000000000
0.202000000000000 1.727609184908654 0.833000000000000
0.201000000000000 1.727789918114864 0.833000000000000
0.200000000000000 1.727974549111306 0.833000000000000
0.199000000000000 1.728163049491954 0.833000000000000
0.198000000000000 1.728355391129666 0.833000000000000
0.197000000000000 1.728551546172611 0.833000000000000
0.196000000000000 1.728751487040929 0.833000000000000
0.195000000000000 1.728955186423897 0.833000000000000
0.194000000000000 1.729162617275962 0.833000000000000
0.193000000000000 1.729373752813759 0.833000000000000
0.192000000000000 1.729588566512960 0.833000000000000
0.191000000000000 1.729807032105059 0.833000000000000
0.190000000000000 1.730029123574372 0.833000000000000
0.189000000000000 1.730254815154858 0.833000000000000
0.188000000000000 1.730484081327247 0.833000000000000
0.187000000000000 1.730716896815974 0.833000000000000
0.186000000000000 1.730953236586335 0.833000000000000
0.185000000000000 1.731193075841528 0.833000000000000
0.184000000000000 1.731436390019948 0.833000000000000
0.183000000000000 1.731683154792193 0.833000000000000
0.182000000000000 1.731933346058446 0.833000000000000
0.181000000000000 1.732186939945835 0.833000000000000
0.180000000000000 1.732443912805467 0.833000000000000
0.179000000000000 1.732704241210150 0.833000000000000
0.178000000000000 1.732967901951466 0.833000000000000
0.177000000000000 1.733234872037424 0.833000000000000
0.176000000000000 1.733505128689511 0.833000000000000
0.175000000000000 1.733778649340931 0.833000000000000
0.174000000000000 1.734055411633795 0.833000000000000
0.173000000000000 1.734335393416496 0.833000000000000
0.172000000000000 1.734618572741510 0.833000000000000
0.171000000000000 1.734904927862941 0.833000000000000
0.170000000000000 1.735194437234275 0.833000000000000
0.169000000000000 1.735487079506085 0.833000000000000
0.168000000000000 1.735782833523666 0.833000000000000
0.167000000000000 1.736081678325004 0.833000000000000
0.166000000000000 1.736383593138341 0.833000000000000
0.165000000000000 1.736688557380147 0.833000000000000
0.164000000000000 1.736996550652994 0.833000000000000
0.163000000000000 1.737307552743354 0.833000000000000
0.162000000000000 1.737621543619555 0.833000000000000
0.161000000000000 1.737938503429741 0.833000000000000
0.160000000000000 1.738258412499889 0.833000000000000
0.159000000000000 1.738581251331678 0.833000000000000
0.158000000000000 1.738907000600641 0.833000000000000
0.157000000000000 1.739235641154161 0.833000000000000
0.156000000000000 1.739567154009593 0.833000000000000
0.155000000000000 1.739901520352301 0.833000000000000
0.154000000000000 1.740238721533502 0.833000000000000
0.153000000000000 1.740578739069251 0.833000000000000
0.152000000000000 1.740921554638063 0.833000000000000
0.151000000000000 1.741267150079091 0.833000000000000
0.150000000000000 1.741615507390401 0.833000000000000
0.149000000000000 1.741966608727323 0.833000000000000
0.148000000000000 1.742320436400626 0.833000000000000
0.147000000000000 1.742676972874849 0.833000000000000
0.146000000000000 1.743036200766689 0.833000000000000
0.145000000000000 1.743398102843192 0.833000000000000
0.144000000000000 1.743762662020314 0.833000000000000
0.143000000000000 1.744129861361127 0.833000000000000
0.142000000000000 1.744499684074351 0.833000000000000
0.141000000000000 1.744872113512688 0.833000000000000
0.140000000000000 1.745247133171370 0.833000000000000
0.139000000000000 1.745624726686523 0.833000000000000
0.138000000000000 1.746004877833715 0.833000000000000
0.137000000000000 1.746387570526470 0.833000000000000
0.136000000000000 1.746772788814786 0.833000000000000
0.135000000000000 1.747160516883605 0.833000000000000
0.134000000000000 1.747550739051503 0.833000000000000
0.133000000000000 1.747943439769222 0.833000000000000
0.132000000000000 1.748338603618179 0.833000000000000
0.131000000000000 1.748736215309137 0.833000000000000
0.130000000000000 1.749136259680613 0.833000000000000
0.129000000000000 1.749538721698502 0.833000000000000
0.128000000000000 1.749943586453613 0.833000000000000
0.127000000000000 1.750350839160803 0.833000000000000
0.126000000000000 1.750760465157668 0.833000000000000
0.125000000000000 1.751172449903199 0.833000000000000
0.124000000000000 1.751586778976639 0.833000000000000
0.123000000000000 1.752003438076099 0.833000000000000
0.122000000000000 1.752422413017385 0.833000000000000
0.121000000000000 1.752843689732826 0.833000000000000
0.120000000000000 1.753267254269997 0.833000000000000
0.119000000000000 1.753693092790566 0.833000000000000
0.118000000000000 1.754121191569107 0.833000000000000
0.117000000000000 1.754551536992000 0.833000000000000
0.116000000000000 1.754984115556132 0.833000000000000
0.115000000000000 1.755418913868001 0.833000000000000
0.114000000000000 1.755855918642437 0.833000000000000
0.113000000000000 1.756295116701446 0.833000000000000
0.112000000000000 1.756736494973332 0.833000000000000
0.111000000000000 1.757180040491422 0.833000000000000
0.110000000000000 1.757625740393116 0.833000000000000
0.109000000000000 1.758073581918795 0.833000000000000
0.108000000000000 1.758523552410763 0.833000000000000
0.107000000000000 1.758975639312317 0.833000000000000
0.106000000000000 1.759429830166468 0.833000000000000
0.105000000000000 1.759886112615010 0.833000000000000
0.104000000000000 1.760344474398306 0.833000000000000
0.103000000000000 1.760804903353340 0.833000000000000
0.102000000000000 1.761267387413025 0.833000000000000
0.101000000000000 1.761731914605353 0.833000000000000
0.100000000000000 1.762198473052430 0.833000000000000
0.099000000000000 1.762667050969459 0.833000000000000
0.098000000000000 1.763137636663930 0.833000000000000
0.097000000000000 1.763610218534688 0.833000000000000
0.096000000000000 1.764084785070985 0.833000000000000
0.095000000000000 1.764561324851601 0.833000000000000
0.094000000000000 1.765039826544076 0.833000000000000
0.093000000000000 1.765520278903691 0.833000000000000
0.092000000000000 1.766002670772679 0.833000000000000
0.091000000000000 1.766486991079428 0.833000000000000
0.090000000000000 1.766973228837571 0.833000000000000
0.089000000000000 1.767461373145149 0.833000000000000
0.088000000000000 1.767951413183952 0.833000000000000
0.087000000000000 1.768443338218435 0.833000000000000
0.086000000000000 1.768937137595218 0.833000000000000
0.085000000000000 1.769432800742068 0.833000000000000
0.084000000000000 1.769930317167238 0.833000000000000
0.083000000000000 1.770429676458682 0.833000000000000
0.082000000000000 1.770930868283286 0.833000000000000
0.081000000000000 1.771433882386065 0.833000000000000
0.080000000000000 1.771938708589507 0.833000000000000
0.079000000000000 1.772445336792494 0.833000000000000
0.078000000000000 1.772953756970096 0.833000000000000
0.077000000000000 1.773463959172963 0.833000000000000
0.076000000000000 1.773975933525991 0.833000000000000
0.075000000000000 1.774489670227918 0.833000000000000
0.074000000000000 1.775005159550619 0.833000000000000
0.073000000000000 1.775522391838459 0.833000000000000
0.072000000000000 1.776041357507534 0.833000000000000
0.071000000000000 1.776562047045070 0.833000000000000
0.070000000000000 1.777084451008704 0.833000000000000
0.069000000000000 1.777608560025884 0.833000000000000
0.068000000000000 1.778134364793205 0.833000000000000
0.067000000000000 1.778661856075672 0.833000000000000
0.066000000000000 1.779191024706257 0.833000000000000
0.065000000000000 1.779721861585071 0.833000000000000
0.064000000000000 1.780254357678926 0.833000000000000
0.063000000000000 1.780788504020538 0.833000000000000
0.062000000000000 1.781324291708065 0.833000000000000
0.061000000000000 1.781861711904457 0.833000000000000
0.060000000000000 1.782400755836841 0.833000000000000
0.059000000000000 1.782941414795929 0.833000000000000
0.058000000000000 1.783483680135576 0.833000000000000
0.057000000000000 1.784027543271928 0.833000000000000
0.056000000000000 1.784572995683121 0.833000000000000
0.055000000000000 1.785120028908602 0.833000000000000
0.054000000000000 1.785668634548596 0.833000000000000
0.053000000000000 1.786218804263499 0.833000000000000
0.052000000000000 1.786770529773450 0.833000000000000
0.051000000000000 1.787323802857697 0.833000000000000
0.050000000000000 1.787878615353635 0.833000000000000
0.049000000000000 1.788434959157466 0.833000000000000
0.048000000000000 1.788992826222798 0.833000000000000
0.047000000000000 1.789552208560182 0.833000000000000
0.046000000000000 1.790113098236688 0.833000000000000
0.045000000000000 1.790675487375433 0.833000000000000
0.044000000000000 1.791239368155063 0.833000000000000
0.043000000000000 1.791804732809318 0.833000000000000
0.042000000000000 1.792371573626398 0.833000000000000
0.041000000000000 1.792939882948624 0.833000000000000
0.040000000000000 1.793509653171954 0.833000000000000
0.039000000000000 1.794080876745407 0.833000000000000
0.038000000000000 1.794653546170724 0.833000000000000
0.037000000000000 1.795227654001768 0.833000000000000
0.036000000000000 1.795803192844204 0.833000000000000
0.035000000000000 1.796380155354916 0.833000000000000
0.034000000000000 1.796958534241716 0.833000000000000
0.033000000000000 1.797538322262716 0.833000000000000
0.032000000000000 1.798119512226027 0.833000000000000
0.031000000000000 1.798702096989303 0.833000000000000
0.030000000000000 1.799286069459267 0.833000000000000
0.029000000000000 1.799871422591296 0.833000000000000
0.028000000000000 1.800458149389037 0.833000000000000
0.027000000000000 1.801046242903983 0.833000000000000
0.026000000000000 1.801635696234989 0.833000000000000
0.025000000000000 1.802226502527992 0.833000000000000
0.024000000000000 1.802818654975495 0.833000000000000
0.023000000000000 1.803412146816213 0.833000000000000
0.022000000000000 1.804006971334717 0.833000000000000
0.021000000000000 1.804603121860967 0.833000000000000
0.020000000000000 1.805200591769931 0.833000000000000
0.019000000000000 1.805799374480809 0.833000000000000
0.018000000000000 1.806399463457904 0.833000000000000
0.017000000000000 1.807000852209090 0.833000000000000
0.016000000000000 1.807603534285709 0.833000000000000
0.015000000000000 1.808207503282334 0.833000000000000
0.014000000000000 1.808812752836256 0.833000000000000
0.013000000000000 1.809419276627252 0.833000000000000
0.012000000000000 1.810027068377123 0.833000000000000
0.011000000000000 1.810636121849488 0.833000000000000
0.010000000000000 1.811246430849269 0.833000000000000
0.009000000000000 1.811857989222456 0.833000000000000
0.008000000000000 1.812470790855736 0.833000000000000
0.007000000000000 1.813084829676128 0.833000000000000
0.006000000000000 1.813700099650703 0.833000000000000
0.005000000000000 1.814316594786157 0.833000000000000
0.004000000000000 1.814934309128635 0.833000000000000
0.003000000000000 1.815553236763217 0.833000000000000
0.002000000000000 1.816173371813744 0.833000000000000
0.001000000000000 1.816794708442482 0.833000000000000
-0.000000000000000 1.817417240849690 0.833000000000000
-0.001000000000000 1.818040963273434 0.833000000000000
-0.002000000000000 1.818665869989237 0.833000000000000
-0.003000000000000 1.819291955309773 0.833000000000000
-0.004000000000000 1.819919213584515 0.833000000000000
-0.005000000000000 1.820547639199543 0.833000000000000
-0.006000000000000 1.821177226577124 0.833000000000000
-0.007000000000000 1.821807970175532 0.833000000000000
-0.008000000000000 1.822439864488614 0.833000000000000
-0.009000000000000 1.823072904045686 0.833000000000000
-0.010000000000000 1.823707083411077 0.833000000000000
-0.011000000000000 1.824342397183941 0.833000000000000
-0.012000000000000 1.824978839997966 0.833000000000000
-0.013000000000000 1.825616406521051 0.833000000000000
-0.014000000000000 1.826255091454777 0.833000000000000
-0.015000000000000 1.826894889534742 0.833000000000000
-0.016000000000000 1.827535795530125 0.833000000000000
-0.017000000000000 1.828177804243132 0.833000000000000
-0.018000000000000 1.828820910508754 0.833000000000000
-0.019000000000000 1.829465109194728 0.833000000000000
-0.020000000000000 1.830110395201000 0.833000000000000
-0.021000000000000 1.830756763459801 0.833000000000000
-0.022000000000000 1.831404208935134 0.833000000000000
-0.023000000000000 1.832052726622593 0.833000000000000
-0.024000000000000 1.832702311549171 0.833000000000000
-0.025000000000000 1.833352958772965 0.833000000000000
-0.026000000000000 1.834004697458289 0.833000000000000
-0.027000000000000 1.834657420498569 0.833000000000000
-0.028000000000000 1.835311225269921 0.833000000000000
-0.029000000000000 1.835966072877051 0.833000000000000
-0.030000000000000 1.836621958529967 0.833000000000000
-0.031000000000000 1.837278877468347 0.833000000000000
-0.032000000000000 1.837936824961291 0.833000000000000
-0.033000000000000 1.838595796307137 0.833000000000000
-0.034000000000000 1.839255786833242 0.833000000000000
-0.035000000000000 1.839916791895615 0.833000000000000
-0.036000000000000 1.840578806878909 0.833000000000000
-0.037000000000000 1.841241827196083 0.833000000000000
-0.038000000000000 1.841905848288113 0.833000000000000
-0.039000000000000 1.842570865623946 0.833000000000000
-0.040000000000000 1.843236874700120 0.833000000000000
-0.041000000000000 1.843903871040697 0.833000000000000
-0.042000000000000 1.844571850196930 0.833000000000000
-0.043000000000000 1.845240807747167 0.833000000000000
-0.044000000000000 1.845910739296491 0.833000000000000
-0.045000000000000 1.846581640476701 0.833000000000000
-0.046000000000000 1.847253506945922 0.833000000000000
-0.047000000000000 1.847926334388603 0.833000000000000
-0.048000000000000 1.848600118515153 0.833000000000000
-0.049000000000000 1.849274855061763 0.833000000000000
-0.050000000000000 1.849950539790067 0.833000000000000
-0.051000000000000 1.850627168487349 0.833000000000000
-0.052000000000000 1.851304736966379 0.833000000000000
-0.053000000000000 1.851983241064720 0.833000000000000
-0.054000000000000 1.852662676644801 0.833000000000000
-0.055000000000000 1.853343039593819 0.833000000000000
-0.056000000000000 1.854024325823357 0.833000000000000
-0.057000000000000 1.854706531269405 0.833000000000000
-0.058000000000000 1.855389651892159 0.833000000000000
-0.059000000000000 1.856073683675850 0.833000000000000
-0.060000000000000 1.856758622628745 0.833000000000000
-0.061000000000000 1.857444464783262 0.833000000000000
-0.062000000000000 1.858131206196700 0.833000000000000
-0.063000000000000 1.858818842953232 0.833000000000000
-0.064000000000000 1.859507371171510 0.833000000000000
-0.065000000000000 1.860196787033496 0.833000000000000
-0.066000000000000 1.860887086231716 0.833000000000000
-0.067000000000000 1.861578265533354 0.833000000000000
-0.068000000000000 1.862270320899532 0.833000000000000
-0.069000000000000 1.862963248543539 0.833000000000000
