0.250000000000000 1.192912640139403 0.833000000000000
0.249000000000000 1.193826755876505 0.833000000000000
0.248000000000000 1.194741125343888 0.833000000000000
0.247000000000000 1.195655747407868 0.833000000000000
0.246000000000000 1.196570620940920 0.833000000000000
0.245000000000000 1.197485744822283 0.833000000000000
0.244000000000000 1.198401117937914 0.833000000000000
0.243000000000000 1.199316739180429 0.833000000000000
0.242000000000000 1.200232607449058 0.833000000000000
0.241000000000000 1.201148721649596 0.833000000000000
0.240000000000000 1.202065080694352 0.833000000000000
0.239000000000000 1.202981683502099 0.833000000000000
0.238000000000000 1.203898528998026 0.833000000000000
0.237000000000000 1.204815616113694 0.833000000000000
0.236000000000000 1.205732943786982 0.833000000000000
0.235000000000000 1.206650510962047 0.833000000000000
0.234000000000000 1.207568316589271 0.833000000000000
0.233000000000000 1.208486359625217 0.833000000000000
0.232000000000000 1.209404639032587 0.833000000000000
0.231000000000000 1.210323153780169 0.833000000000000
0.230000000000000 1.211241902842799 0.833000000000000
0.229000000000000 1.212160885201313 0.833000000000000
0.228000000000000 1.213080099842502 0.833000000000000
0.227000000000000 1.213999545759071 0.833000000000000
0.226000000000000 1.214919221949592 0.833000000000000
0.225000000000000 1.215839127418467 0.833000000000000
0.224000000000000 1.216759261175878 0.833000000000000
0.223000000000000 1.217679622237749 0.833000000000000
0.222000000000000 1.218600209625703 0.833000000000000
0.221000000000000 1.219521022367021 0.833000000000000
0.220000000000000 1.220442059494600 0.833000000000000
0.219000000000000 1.221363320046914 0.833000000000000
0.218000000000000 1.222284803067969 0.833000000000000
0.217000000000000 1.223206507607270 0.833000000000000
0.216000000000000 1.224128432719774 0.833000000000000
0.215000000000000 1.225050577465856 0.833000000000000
0.214000000000000 1.225972940911267 0.833000000000000
0.213000000000000 1.226895522127096 0.833000000000000
0.212000000000000 1.227818320189733 0.833000000000000
0.211000000000000 1.228741334180828 0.833000000000000
0.210000000000000 1.229664563187254 0.833000000000000
0.209000000000000 1.230588006301075 0.833000000000000
0.208000000000000 1.231511662619501 0.833000000000000
0.207000000000000 1.232435531244854 0.833000000000000
0.206000000000000 1.233359611284534 0.833000000000000
0.205000000000000 1.234283901850981 0.833000000000000
0.204000000000000 1.235208402061640 0.833000000000000
0.203000000000000 1.236133111038924 0.833000000000000
0.202000000000000 1.237058027910178 0.833000000000000
0.201000000000000 1.237983151807649 0.833000000000000
0.200000000000000 1.238908481868447 0.833000000000000
0.199000000000000 1.239834017234509 0.833000000000000
0.198000000000000 1.240759757052573 0.833000000000000
0.197000000000000 1.241685700474134 0.833000000000000
0.196000000000000 1.242611846655421 0.833000000000000
0.195000000000000 1.243538194757354 0.833000000000000
0.194000000000000 1.244464743945515 0.833000000000000
0.193000000000000 1.245391493390121 0.833000000000000
0.192000000000000 1.246318442265983 0.833000000000000
0.191000000000000 1.247245589752479 0.833000000000000
0.190000000000000 1.248172935033519 0.833000000000000
0.189000000000000 1.249100477297519 0.833000000000000
0.188000000000000 1.250028215737363 0.833000000000000
0.187000000000000 1.250956149550374 0.833000000000000
0.186000000000000 1.251884277938290 0.833000000000000
0.185000000000000 1.252812600107223 0.833000000000000
0.184000000000000 1.253741115267634 0.833000000000000
0.183000000000000 1.254669822634304 0.833000000000000
0.182000000000000 1.255598721426304 0.833000000000000
0.181000000000000 1.256527810866963 0.833000000000000
0.180000000000000 1.257457090183841 0.833000000000000
0.179000000000000 1.258386558608699 0.833000000000000
0.178000000000000 1.259316215377471 0.833000000000000
0.177000000000000 1.260246059730234 0.833000000000000
0.176000000000000 1.261176090911181 0.833000000000000
0.175000000000000 1.262106308168597 0.833000000000000
0.174000000000000 1.263036710754819 0.833000000000000
0.173000000000000 1.263967297926224 0.833000000000000
0.172000000000000 1.264898068943190 0.833000000000000
0.171000000000000 1.265829023070073 0.833000000000000
0.170000000000000 1.266760159575183 0.833000000000000
0.169000000000000 1.267691477730750 0.833000000000000
0.168000000000000 1.268622976812905 0.833000000000000
0.167000000000000 1.269554656101648 0.833000000000000
0.166000000000000 1.270486514880830 0.833000000000000
0.165000000000000 1.271418552438114 0.833000000000000
0.164000000000000 1.272350768064964 0.833000000000000
0.163000000000000 1.273283161056609 0.833000000000000
0.162000000000000 1.274215730712020 0.833000000000000
0.161000000000000 1.275148476333891 0.833000000000000
0.160000000000000 1.276081397228607 0.833000000000000
0.159000000000000 1.277014492706223 0.833000000000000
0.158000000000000 1.277947762080436 0.833000000000000
0.157000000000000 1.278881204668568 0.833000000000000
0.156000000000000 1.279814819791534 0.833000000000000
0.155000000000000 1.280748606773823 0.833000000000000
0.154000000000000 1.281682564943471 0.833000000000000
0.153000000000000 1.282616693632044 0.833000000000000
0.152000000000000 1.283550992174606 0.833000000000000
0.151000000000000 1.284485459909701 0.833000000000000
0.150000000000000 1.285420096179332 0.833000000000000
0.149000000000000 1.286354900328931 0.833000000000000
0.148000000000000 1.287289871707346 0.833000000000000
0.147000000000000 1.288225009666810 0.833000000000000
0.146000000000000 1.289160313562925 0.833000000000000
0.145000000000000 1.290095782754637 0.833000000000000
0.144000000000000 1.291031416604211 0.833000000000000
0.143000000000000 1.291967214477221 0.833000000000000
0.142000000000000 1.292903175742513 0.833000000000000
0.141000000000000 1.293839299772195 0.833000000000000
0.140000000000000 1.294775585941612 0.833000000000000
0.139000000000000 1.295712033629324 0.833000000000000
0.138000000000000 1.296648642217087 0.833000000000000
0.137000000000000 1.297585411089831 0.833000000000000
0.136000000000000 1.298522339635643 0.833000000000000
0.135000000000000 1.299459427245740 0.833000000000000
0.134000000000000 1.300396673314454 0.833000000000000
0.133000000000000 1.301334077239212 0.833000000000000
0.132000000000000 1.302271638420515 0.833000000000000
0.131000000000000 1.303209356261914 0.833000000000000
0.130000000000000 1.304147230169999 0.833000000000000
0.129000000000000 1.305085259554375 0.833000000000000
0.128000000000000 1.306023443827641 0.833000000000000
0.127000000000000 1.306961782405371 0.833000000000000
0.126000000000000 1.307900274706102 0.833000000000000
0.125000000000000 1.308838920151305 0.833000000000000
0.124000000000000 1.309777718165374 0.833000000000000
0.123000000000000 1.310716668175606 0.833000000000000
0.122000000000000 1.311655769612176 0.833000000000000
0.121000000000000 1.312595021908132 0.833000000000000
0.120000000000000 1.313534424499361 0.833000000000000
0.119000000000000 1.314473976824586 0.833000000000000
0.118000000000000 1.315413678325336 0.833000000000000
0.117000000000000 1.316353528445936 0.833000000000000
0.116000000000000 1.317293526633487 0.833000000000000
0.115000000000000 1.318233672337849 0.833000000000000
0.114000000000000 1.319173965011621 0.833000000000000
0.113000000000000 1.320114404110129 0.833000000000000
0.112000000000000 1.321054989091405 0.833000000000000
0.111000000000000 1.321995719416168 0.833000000000000
0.110000000000000 1.322936594547816 0.833000000000000
0.109000000000000 1.323877613952401 0.833000000000000
0.108000000000000 1.324818777098614 0.833000000000000
0.107000000000000 1.325760083457771 0.833000000000000
0.106000000000000 1.326701532503796 0.833000000000000
0.105000000000000 1.327643123713203 0.833000000000000
0.104000000000000 1.328584856565082 0.833000000000000
0.103000000000000 1.329526730541083 0.833000000000000
0.102000000000000 1.330468745125399 0.833000000000000
0.101000000000000 1.331410899804751 0.833000000000000
0.100000000000000 1.332353194068371 0.833000000000000
0.099000000000000 1.333295627407991 0.833000000000000
0.098000000000000 1.334238199317822 0.833000000000000
0.097000000000000 1.335180909294541 0.833000000000000
0.096000000000000 1.336123756837279 0.833000000000000
0.095000000000000 1.337066741447599 0.833000000000000
0.094000000000000 1.338009862629491 0.833000000000000
0.093000000000000 1.338953119889344 0.833000000000000
0.092000000000000 1.339896512735947 0.833000000000000
0.091000000000000 1.340840040680460 0.833000000000000
0.090000000000000 1.341783703236410 0.833000000000000
0.089000000000000 1.342727499919668 0.833000000000000
0.088000000000000 1.343671430248446 0.833000000000000
0.087000000000000 1.344615493743269 0.833000000000000
0.086000000000000 1.345559689926973 0.833000000000000
0.085000000000000 1.346504018324683 0.833000000000000
0.084000000000000 1.347448478463805 0.833000000000000
0.083000000000000 1.348393069874007 0.833000000000000
0.082000000000000 1.349337792087211 0.833000000000000
0.081000000000000 1.350282644637572 0.833000000000000
0.080000000000000 1.351227627061475 0.833000000000000
0.079000000000000 1.352172738897509 0.833000000000000
0.078000000000000 1.353117979686467 0.833000000000000
0.077000000000000 1.354063348971319 0.833000000000000
0.076000000000000 1.355008846297214 0.833000000000000
0.075000000000000 1.355954471211452 0.833000000000000
0.074000000000000 1.356900223263484 0.833000000000000
0.073000000000000 1.357846102004890 0.833000000000000
0.072000000000000 1.358792106989372 0.833000000000000
0.071000000000000 1.359738237772740 0.833000000000000
0.070000000000000 1.360684493912894 0.833000000000000
0.069000000000000 1.361630874969824 0.833000000000000
0.068000000000000 1.362577380505582 0.833000000000000
0.067000000000000 1.363524010084284 0.833000000000000
0.066000000000000 1.364470763272091 0.833000000000000
0.065000000000000 1.365417639637194 0.833000000000000
0.064000000000000 1.366364638749807 0.833000000000000
0.063000000000000 1.367311760182158 0.833000000000000
0.062000000000000 1.368259003508469 0.833000000000000
0.061000000000000 1.369206368304947 0.833000000000000
0.060000000000000 1.370153854149778 0.833000000000000
0.059000000000000 1.371101460623107 0.833000000000000
0.058000000000000 1.372049187307033 0.833000000000000
0.057000000000000 1.372997033785595 0.833000000000000
0.056000000000000 1.373944999644761 0.833000000000000
0.055000000000000 1.374893084472416 0.833000000000000
0.054000000000000 1.375841287858351 0.833000000000000
0.053000000000000 1.376789609394254 0.833000000000000
0.052000000000000 1.377738048673695 0.833000000000000
0.051000000000000 1.378686605292121 0.833000000000000
0.050000000000000 1.379635278846839 0.833000000000000
0.049000000000000 1.380584068937008 0.833000000000000
0.048000000000000 1.381532975163631 0.833000000000000
0.047000000000000 1.382481997129537 0.833000000000000
0.046000000000000 1.383431134439380 0.833000000000000
0.045000000000000 1.384380386699618 0.833000000000000
0.044000000000000 1.385329753518515 0.833000000000000
0.043000000000000 1.386279234506117 0.833000000000000
0.042000000000000 1.387228829274253 0.833000000000000
0.041000000000000 1.388178537436519 0.833000000000000
0.040000000000000 1.389128358608268 0.833000000000000
0.039000000000000 1.390078292406605 0.833000000000000
0.038000000000000 1.391028338450368 0.833000000000000
0.037000000000000 1.391978496360129 0.833000000000000
0.036000000000000 1.392928765758174 0.833000000000000
0.035000000000000 1.393879146268499 0.833000000000000
0.034000000000000 1.394829637516800 0.833000000000000
0.033000000000000 1.395780239130462 0.833000000000000
0.032000000000000 1.396730950738549 0.833000000000000
0.031000000000000 1.397681771971796 0.833000000000000
0.030000000000000 1.398632702462600 0.833000000000000
0.029000000000000 1.399583741845006 0.833000000000000
0.028000000000000 1.400534889754703 0.833000000000000
0.027000000000000 1.401486145829016 0.833000000000000
0.026000000000000 1.402437509706889 0.833000000000000
0.025000000000000 1.403388981028883 0.833000000000000
0.024000000000000 1.404340559437164 0.833000000000000
0.023000000000000 1.405292244575494 0.833000000000000
0.022000000000000 1.406244036089224 0.833000000000000
0.021000000000000 1.407195933625283 0.833000000000000
0.020000000000000 1.408147936832168 0.833000000000000
0.019000000000000 1.409100045359941 0.833000000000000
0.018000000000000 1.410052258860213 0.833000000000000
0.017000000000000 1.411004576986140 0.833000000000000
0.016000000000000 1.411956999392413 0.833000000000000
0.015000000000000 1.412909525735251 0.833000000000000
0.014000000000000 1.413862155672387 0.833000000000000
0.013000000000000 1.414814888863070 0.833000000000000
0.012000000000000 1.415767724968045 0.833000000000000
0.011000000000000 1.416720663649554 0.833000000000000
0.010000000000000 1.417673704571319 0.833000000000000
0.009000000000000 1.418626847398544 0.833000000000000
0.008000000000000 1.419580091797899 0.833000000000000
0.007000000000000 1.420533437437513 0.833000000000000
0.006000000000000 1.421486883986969 0.833000000000000
0.005000000000000 1.422440431117297 0.833000000000000
0.004000000000000 1.423394078500958 0.833000000000000
0.003000000000000 1.424347825811844 0.833000000000000
0.002000000000000 1.425301672725270 0.833000000000000
0.001000000000000 1.426255618917961 0.833000000000000
-0.000000000000000 1.427209664068050 0.833000000000000
-0.001000000000000 1.428163807855063 0.833000000000000
-0.002000000000000 1.429118049959922 0.833000000000000
-0.003000000000000 1.430072390064927 0.833000000000000
-0.004000000000000 1.431026827853754 0.833000000000000
-0.005000000000000 1.431981363011448 0.833000000000000
-0.006000000000000 1.432935995224413 0.833000000000000
-0.007000000000000 1.433890724180402 0.833000000000000
-0.008000000000000 1.434845549568523 0.833000000000000
-0.009000000000000 1.435800471079211 0.833000000000000
-0.010000000000000 1.436755488404238 0.833000000000000
-0.011000000000000 1.437710601236698 0.833000000000000
-0.012000000000000 1.438665809271003 0.833000000000000
-0.013000000000000 1.439621112202874 0.833000000000000
-0.014000000000000 1.440576509729331 0.833000000000000
-0.015000000000000 1.441532001548693 0.833000000000000
-0.016000000000000 1.442487587360568 0.833000000000000
-0.017000000000000 1.443443266865843 0.833000000000000
-0.018000000000000 1.444399039766680 0.833000000000000
-0.019000000000000 1.445354905766510 0.833000000000000
-0.020000000000000 1.446310864570026 0.833000000000000
-0.021000000000000 1.447266915883171 0.833000000000000
-0.022000000000000 1.448223059413141 0.833000000000000
-0.023000000000000 1.449179294868370 0.833000000000000
-0.024000000000000 1.450135621958526 0.833000000000000
-0.025000000000000 1.451092040394508 0.833000000000000
-0.026000000000000 1.452048549888432 0.833000000000000
-0.027000000000000 1.453005150153633 0.833000000000000
-0.028000000000000 1.453961840904651 0.833000000000000
-0.029000000000000 1.454918621857230 0.833000000000000
-0.030000000000000 1.455875492728310 0.833000000000000
-0.031000000000000 1.456832453236017 0.833000000000000
-0.032000000000000 1.457789503099666 0.833000000000000
-0.033000000000000 1.458746642039743 0.833000000000000
-0.034000000000000 1.459703869777908 0.833000000000000
-0.035000000000000 1.460661186036985 0.833000000000000
-0.036000000000000 1.461618590540957 0.833000000000000
-0.037000000000000 1.462576083014956 0.833000000000000
-0.038000000000000 1.463533663185266 0.833000000000000
-0.039000000000000 1.464491330779305 0.833000000000000
-0.040000000000000 1.465449085525630 0.833000000000000
-0.041000000000000 1.466406927153924 0.833000000000000
-0.042000000000000 1.467364855394994 0.833000000000000
-0.043000000000000 1.468322869980762 0.833000000000000
-0.044000000000000 1.469280970644264 0.833000000000000
-0.045000000000000 1.470239157119637 0.833000000000000
-0.046000000000000 1.471197429142119 0.833000000000000
-0.047000000000000 1.472155786448043 0.833000000000000
-0.048000000000000 1.473114228774829 0.833000000000000
-0.049000000000000 1.474072755860978 0.833000000000000
-0.050000000000000 1.475031367446070 0.833000000000000
-0.051000000000000 1.475990063270755 0.833000000000000
-0.052000000000000 1.476948843076749 0.833000000000000
-0.053000000000000 1.477907706606828 0.833000000000000
-0.054000000000000 1.478866653604821 0.833000000000000
-0.055000000000000 1.479825683815610 0.833000000000000
-0.056000000000000 1.480784796985117 0.833000000000000
-0.057000000000000 1.481743992860307 0.833000000000000
-0.058000000000000 1.482703271189173 0.833000000000000
-0.059000000000000 1.483662631720739 0.833000000000000
-0.060000000000000 1.484622074205051 0.833000000000000
-0.061000000000000 1.485581598393172 0.833000000000000
-0.062000000000000 1.486541204037180 0.833000000000000
-0.063000000000000 1.487500890890155 0.833000000000000
-0.064000000000000 1.488460658706183 0.833000000000000
-0.065000000000000 1.489420507240344 0.833000000000000
-0.066000000000000 1.490380436248713 0.833000000000000
-0.067000000000000 1.491340445488349 0.833000000000000
-0.068000000000000 1.492300534717295 0.833000000000000
-0.069000000000000 1.493260703694566 0.833000000000000
-0.070000000000000 1.494220952180155 0.833000000000000
-0.071000000000000 1.495181279935019 0.833000000000000
-0.072000000000000 1.496141686721075 0.833000000000000
-0.073000000000000 1.497102172301200 0.833000000000000
-0.074000000000000 1.498062736439223 0.833000000000000
-0.075000000000000 1.499023378899919 0.833000000000000
-0.076000000000000 1.499984099449007 0.833000000000000
-0.077000000000000 1.500944897853144 0.833000000000000
-0.078000000000000 1.501905773879918 0.833000000000000
-0.079000000000000 1.502866727297850 0.833000000000000
-0.080000000000000 1.503827757876380 0.833000000000000
-0.081000000000000 1.504788865385871 0.833000000000000
-0.082000000000000 1.505750049597599 0.833000000000000
-0.083000000000000 1.506711310283749 0.833000000000000
-0.084000000000000 1.507672647217417 0.833000000000000
-0.085000000000000 1.508634060172593 0.833000000000000
-0.086000000000000 1.509595548924167 0.833000000000000
-0.087000000000000 1.510557113247922 0.833000000000000
-0.088000000000000 1.511518752920527 0.833000000000000
-0.089000000000000 1.512480467719534 0.833000000000000
-0.090000000000000 1.513442257423377 0.833000000000000
-0.091000000000000 1.514404121811360 0.833000000000000
-0.092000000000000 1.515366060663661 0.833000000000000
-0.093000000000000 1.516328073761323 0.833000000000000
-0.094000000000000 1.517290160886248 0.833000000000000
-0.095000000000000 1.518252321821200 0.833000000000000
-0.096000000000000 1.519214556349791 0.833000000000000
-0.097000000000000 1.520176864256486 0.833000000000000
-0.098000000000000 1.521139245326594 0.833000000000000
-0.099000000000000 1.522101699346264 0.833000000000000
-0.100000000000000 1.523064226102480 0.833000000000000
-0.101000000000000 1.524026825383060 0.833000000000000
-0.102000000000000 1.524989496976651 0.833000000000000
-0.103000000000000 1.525952240672724 0.833000000000000
-0.104000000000000 1.526915056261569 0.833000000000000
-0.105000000000000 1.527877943534292 0.833000000000000
-0.106000000000000 1.528840902282813 0.833000000000000
-0.107000000000000 1.529803932299859 0.833000000000000
-0.108000000000000 1.530767033378962 0.833000000000000
-0.109000000000000 1.531730205314455 0.833000000000000
-0.110000000000000 1.532693447901464 0.833000000000000
-0.111000000000000 1.533656760935913 0.833000000000000
-0.112000000000000 1.534620144214510 0.833000000000000
-0.113000000000000 1.535583597534752 0.833000000000000
-0.114000000000000 1.536547120694914 0.833000000000000
-0.115000000000000 1.537510713494048 0.833000000000000
-0.116000000000000 1.538474375731985 0.833000000000000
-0.117000000000000 1.539438107209320 0.833000000000000
-0.118000000000000 1.540401907727417 0.833000000000000
-0.119000000000000 1.541365777088401 0.833000000000000
-0.120000000000000 1.542329715095157 0.833000000000000
-0.121000000000000 1.543293721551325 0.833000000000000
-0.122000000000000 1.544257796261297 0.833000000000000
-0.123000000000000 1.545221939030213 0.833000000000000
-0.124000000000000 1.546186149663954 0.833000000000000
-0.125000000000000 1.547150427969146 0.833000000000000
-0.126000000000000 1.548114773753152 0.833000000000000
-0.127000000000000 1.549079186824067 0.833000000000000
-0.128000000000000 1.550043666990714 0.833000000000000
-0.129000000000000 1.551008214062650 0.833000000000000
-0.130000000000000 1.551972827850148 0.833000000000000
-0.131000000000000 1.552937508164203 0.833000000000000
-0.132000000000000 1.553902254816528 0.833000000000000
-0.133000000000000 1.554867067619548 0.833000000000000
-0.134000000000000 1.555831946386397 0.833000000000000
-0.135000000000000 1.556796890930917 0.833000000000000
-0.136000000000000 1.557761901067649 0.833000000000000
-0.137000000000000 1.558726976611839 0.833000000000000
-0.138000000000000 1.559692117379426 0.833000000000000
-0.139000000000000 1.560657323187041 0.833000000000000
-0.140000000000000 1.561622593852007 0.833000000000000
-0.141000000000000 1.562587929192333 0.833000000000000
-0.142000000000000 1.563553329026710 0.833000000000000
-0.143000000000000 1.564518793174510 0.833000000000000
-0.144000000000000 1.565484321455781 0.833000000000000
-0.145000000000000 1.566449913691248 0.833000000000000
-0.146000000000000 1.567415569702300 0.833000000000000
-0.147000000000000 1.568381289310999 0.833000000000000
-0.148000000000000 1.569347072340068 0.833000000000000
-0.149000000000000 1.570312918612893 0.833000000000000
-0.150000000000000 1.571278827953517 0.833000000000000
-0.151000000000000 1.572244800186638 0.833000000000000
-0.152000000000000 1.573210835137605 0.833000000000000
-0.153000000000000 1.574176932632418 0.833000000000000
-0.154000000000000 1.575143092497721 0.833000000000000
-0.155000000000000 1.576109314560802 0.833000000000000
-0.156000000000000 1.577075598649587 0.833000000000000
-0.157000000000000 1.578041944592640 0.833000000000000
-0.158000000000000 1.579008352219159 0.833000000000000
-0.159000000000000 1.579974821358973 0.833000000000000
-0.160000000000000 1.580941351842539 0.833000000000000
-0.161000000000000 1.581907943500939 0.833000000000000
-0.162000000000000 1.582874596165875 0.833000000000000
-0.163000000000000 1.583841309669672 0.833000000000000
-0.164000000000000 1.584808083845269 0.833000000000000
-0.165000000000000 1.585774918526220 0.833000000000000
-0.166000000000000 1.586741813546689 0.833000000000000
-0.167000000000000 1.587708768741449 0.833000000000000
-0.168000000000000 1.588675783945878 0.833000000000000
-0.169000000000000 1.589642858995954 0.833000000000000
-0.170000000000000 1.590609993728257 0.833000000000000
-0.171000000000000 1.591577187979964 0.833000000000000
-0.172000000000000 1.592544441588845 0.833000000000000
-0.173000000000000 1.593511754393263 0.833000000000000
-0.174000000000000 1.594479126232170 0.833000000000000
-0.175000000000000 1.595446556945100 0.833000000000000
-0.176000000000000 1.596414046372174 0.833000000000000
-0.177000000000000 1.597381594354095 0.833000000000000
-0.178000000000000 1.598349200732141 0.833000000000000
-0.179000000000000 1.599316865348167 0.833000000000000
-0.180000000000000 1.600284588044599 0.833000000000000
-0.181000000000000 1.601252368664436 0.833000000000000
-0.182000000000000 1.602220207051244 0.833000000000000
-0.183000000000000 1.603188103049151 0.833000000000000
-0.184000000000000 1.604156056502854 0.833000000000000
-0.185000000000000 1.605124067257602 0.833000000000000
-0.186000000000000 1.606092135159206 0.833000000000000
-0.187000000000000 1.607060260054032 0.833000000000000
-0.188000000000000 1.608028441789000 0.833000000000000
-0.189000000000000 1.608996680211574 0.833000000000000
-0.190000000000000 1.609964975169771 0.833000000000000
-0.191000000000000 1.610933326512151 0.833000000000000
-0.192000000000000 1.611901734087817 0.833000000000000
-0.193000000000000 1.612870197746411 0.833000000000000
-0.194000000000000 1.613838717338113 0.833000000000000
-0.195000000000000 1.614807292713640 0.833000000000000
-0.196000000000000 1.615775923724240 0.833000000000000
-0.197000000000000 1.616744610221693 0.833000000000000
-0.198000000000000 1.617713352058305 0.833000000000000
-0.199000000000000 1.618682149086909 0.833000000000000
-0.200000000000000 1.619651001160862 0.833000000000000
-0.201000000000000 1.620619908134041 0.833000000000000
-0.202000000000000 1.621588869860843 0.833000000000000
-0.203000000000000 1.622557886196180 0.833000000000000
-0.204000000000000 1.623526956995480 0.833000000000000
-0.205000000000000 1.624496082114679 0.833000000000000
-0.206000000000000 1.625465261410229 0.833000000000000
-0.207000000000000 1.626434494739084 0.833000000000000
-0.208000000000000 1.627403781958703 0.833000000000000
-0.209000000000000 1.628373122927052 0.833000000000000
-0.210000000000000 1.629342517502595 0.833000000000000
-0.211000000000000 1.630311965544293 0.833000000000000
-0.212000000000000 1.631281466911606 0.833000000000000
-0.213000000000000 1.632251021464488 0.833000000000000
-0.214000000000000 1.633220629063382 0.833000000000000
-0.215000000000000 1.634190289569224 0.833000000000000
-0.216000000000000 1.635160002843434 0.833000000000000
-0.217000000000000 1.636129768747921 0.833000000000000
-0.218000000000000 1.637099587145075 0.833000000000000
-0.219000000000000 1.638069457897767 0.833000000000000
-0.220000000000000 1.639039380869351 0.833000000000000
-0.221000000000000 1.640009355923651 0.833000000000000
-0.222000000000000 1.640979382924971 0.833000000000000
-0.223000000000000 1.641949461738088 0.833000000000000
-0.224000000000000 1.642919592228245 0.833000000000000
-0.225000000000000 1.643889774261159 0.833000000000000
-0.226000000000000 1.644860007703011 0.833000000000000
-0.227000000000000 1.645830292420447 0.833000000000000
-0.228000000000000 1.646800628280574 0.833000000000000
-0.229000000000000 1.647771015150963 0.833000000000000
-0.230000000000000 1.648741452899640 0.833000000000000
-0.231000000000000 1.649711941395092 0.833000000000000
-0.232000000000000 1.650682480506253 0.833000000000000
-0.233000000000000 1.651653070102518 0.833000000000000
-0.234000000000000 1.652623710053729 0.833000000000000
-0.235000000000000 1.653594400230175 0.833000000000000
-0.236000000000000 1.654565140502594 0.833000000000000
-0.237000000000000 1.655535930742169 0.833000000000000
-0.238000000000000 1.656506770820524 0.833000000000000
-0.239000000000000 1.657477660609726 0.833000000000000
-0.240000000000000 1.658448599982280 0.833000000000000
-0.241000000000000 1.659419588811128 0.833000000000000
-0.242000000000000 1.660390626969650 0.833000000000000
-0.243000000000000 1.661361714331655 0.833000000000000
-0.244000000000000 1.662332850771387 0.833000000000000
-0.245000000000000 1.663304036163518 0.833000000000000
-0.246000000000000 1.664275270383149 0.833000000000000
-0.247000000000000 1.665246553305807 0.833000000000000
-0.248000000000000 1.666217884807442 0.833000000000000
-0.249000000000000 1.667189264764429 0.833000000000000
-0.250000000000000 1.668160693053561 0.833000000000000
-0.251000000000000 1.669132169552050 0.833000000000000
-0.252000000000000 1.670103694137528 0.833000000000000
-0.253000000000000 1.671075266688039 0.833000000000000
-0.254000000000000 1.672046887082042 0.833000000000000
-0.255000000000000 1.673018555198408 0.833000000000000
-0.256000000000000 1.673990270916417 0.833000000000000
-0.257000000000000 1.674962034115758 0.833000000000000
-0.258000000000000 1.675933844676527 0.833000000000000
-0.259000000000000 1.676905702479224 0.833000000000000
-0.260000000000000 1.677877607404752 0.833000000000000
-0.261000000000000 1.678849559334416 0.833000000000000
-0.262000000000000 1.679821558149921 0.833000000000000
-0.263000000000000 1.680793603733368 0.833000000000000
-0.264000000000000 1.681765695967258 0.833000000000000
-0.265000000000000 1.682737834734484 0.833000000000000
-0.266000000000000 1.683710019918332 0.833000000000000
-0.267000000000000 1.684682251402480 0.833000000000000
-0.268000000000000 1.685654529070996 0.833000000000000
-0.269000000000000 1.686626852808335 0.833000000000000
-0.270000000000000 1.687599222499340 0.833000000000000
-0.271000000000000 1.688571638029239 0.833000000000000
-0.272000000000000 1.689544099283641 0.833000000000000
-0.273000000000000 1.690516606148539 0.833000000000000
-0.274000000000000 1.691489158510303 0.833000000000000
-0.275000000000000 1.692461756255685 0.833000000000000
-0.276000000000000 1.693434399271812 0.833000000000000
-0.277000000000000 1.694407087446187 0.833000000000000
-0.278000000000000 1.695379820666685 0.833000000000000
-0.279000000000000 1.696352598821556 0.833000000000000
-0.280000000000000 1.697325421799418 0.833000000000000
-0.281000000000000 1.698298289489260 0.833000000000000
-0.282000000000000 1.699271201780437 0.833000000000000
-0.283000000000000 1.700244158562671 0.833000000000000
-0.284000000000000 1.701217159726049 0.833000000000000
-0.285000000000000 1.702190205161017 0.833000000000000
-0.286000000000000 1.703163294758391 0.833000000000000
-0.287000000000000 1.704136428409337 0.833000000000000
-0.288000000000000 1.705109606005388 0.833000000000000
-0.289000000000000 1.706082827438427 0.833000000000000
-0.290000000000000 1.707056092600699 0.833000000000000
-0.291000000000000 1.708029401384797 0.833000000000000
-0.292000000000000 1.709002753683671 0.833000000000000
-0.293000000000000 1.709976149390622 0.833000000000000
-0.294000000000000 1.710949588399297 0.833000000000000
-0.295000000000000 1.711923070603695 0.833000000000000
-0.296000000000000 1.712896595898161 0.833000000000000
-0.297000000000000 1.713870164177385 0.833000000000000
-0.298000000000000 1.714843775336401 0.833000000000000
-0.299000000000000 1.715817429270586 0.833000000000000
-0.300000000000000 1.716791125875658 0.833000000000000
-0.301000000000000 1.717764865047675 0.833000000000000
-0.302000000000000 1.718738646683033 0.833000000000000
-0.303000000000000 1.719712470678466 0.833000000000000
-0.304000000000000 1.720686336931042 0.833000000000000
-0.305000000000000 1.721660245338166 0.833000000000000
-0.306000000000000 1.722634195797573 0.833000000000000
-0.307000000000000 1.723608188207331 0.833000000000000
-0.308000000000000 1.724582222465840 0.833000000000000
-0.309000000000000 1.725556298471826 0.833000000000000
-0.310000000000000 1.726530416124343 0.833000000000000
-0.311000000000000 1.727504575322772 0.833000000000000
-0.312000000000000 1.728478775966822 0.833000000000000
-0.313000000000000 1.729453017956519 0.833000000000000
-0.314000000000000 1.730427301192216 0.833000000000000
-0.315000000000000 1.731401625574587 0.833000000000000
-0.316000000000000 1.732375991004624 0.833000000000000
-0.317000000000000 1.733350397383637 0.833000000000000
-0.318000000000000 1.734324844613256 0.833000000000000
-0.319000000000000 1.735299332595424 0.833000000000000
-0.320000000000000 1.736273861232400 0.833000000000000
-0.321000000000000 1.737248430426756 0.833000000000000
-0.322000000000000 1.738223040081375 0.833000000000000
-0.323000000000000 1.739197690099455 0.833000000000000
-0.324000000000000 1.740172380384497 0.833000000000000
-0.325000000000000 1.741147110840316 0.833000000000000
-0.326000000000000 1.742121881371030 0.833000000000000
-0.327000000000000 1.743096691881067 0.833000000000000
-0.328000000000000 1.744071542275157 0.833000000000000
-0.329000000000000 1.745046432458333 0.833000000000000
-0.330000000000000 1.746021362335932 0.833000000000000
-0.331000000000000 1.746996331813590 0.833000000000000
-0.332000000000000 1.747971340797244 0.833000000000000
-0.333000000000000 1.748946389193132 0.833000000000000
-0.334000000000000 1.749921476907784 0.833000000000000
-0.335000000000000 1.750896603848031 0.833000000000000
-0.336000000000000 1.751871769920996 0.833000000000000
-0.337000000000000 1.752846975034098 0.833000000000000
-0.338000000000000 1.753822219095049 0.833000000000000
-0.339000000000000 1.754797502011850 0.833000000000000
-0.340000000000000 1.755772823692794 0.833000000000000
-0.341000000000000 1.756748184046465 0.833000000000000
-0.342000000000000 1.757723582981732 0.833000000000000
-0.343000000000000 1.758699020407753 0.833000000000000
-0.344000000000000 1.759674496233971 0.833000000000000
-0.345000000000000 1.760650010370113 0.833000000000000
-0.346000000000000 1.761625562726193 0.833000000000000
-0.347000000000000 1.762601153212503 0.833000000000000
-0.348000000000000 1.763576781739620 0.833000000000000
-0.349000000000000 1.764552448218400 0.833000000000000
-0.350000000000000 1.765528152559976 0.833000000000000
-0.351000000000000 1.766503894675763 0.833000000000000
-0.352000000000000 1.767479674477449 0.833000000000000
-0.353000000000000 1.768455491877003 0.833000000000000
-0.354000000000000 1.769431346786663 0.833000000000000
-0.355000000000000 1.770407239118946 0.833000000000000
-0.356000000000000 1.771383168786637 0.833000000000000
-0.357000000000000 1.772359135702797 0.833000000000000
-0.358000000000000 1.773335139780755 0.833000000000000
-0.359000000000000 1.774311180934109 0.833000000000000
-0.360000000000000 1.775287259076727 0.833000000000000
-0.361000000000000 1.776263374122743 0.833000000000000
-0.362000000000000 1.777239525986559 0.833000000000000
-0.363000000000000 1.778215714582843 0.833000000000000
-0.364000000000000 1.779191939826525 0.833000000000000
-0.365000000000000 1.780168201632797 0.833000000000000
-0.366000000000000 1.781144499917118 0.833000000000000
-0.367000000000000 1.782120834595205 0.833000000000000
-0.368000000000000 1.783097205583035 0.833000000000000
-0.369000000000000 1.784073612796846 0.833000000000000
-0.370000000000000 1.785050056153134 0.833000000000000
-0.371000000000000 1.786026535568650 0.833000000000000
-0.372000000000000 1.787003050960404 0.833000000000000
-0.373000000000000 1.787979602245659 0.833000000000000
-0.374000000000000 1.788956189341934 0.833000000000000
-0.375000000000000 1.789932812167003 0.833000000000000
-0.376000000000001 1.790909470638885 0.833000000000000
-0.377000000000001 1.791886164675860 0.833000000000000
-0.378000000000001 1.792862894196449 0.833000000000000
-0.379000000000001 1.793839659119432 0.833000000000000
-0.380000000000001 1.794816459363829 0.833000000000000
-0.381000000000001 1.795793294848913 0.833000000000000
-0.382000000000001 1.796770165494201 0.833000000000000
-0.383000000000001 1.797747071219456 0.833000000000000
-0.384000000000001 1.798724011944686 0.833000000000000
-0.385000000000001 1.799700987590142 0.833000000000000
-0.386000000000001 1.800677998076320 0.833000000000000
-0.387000000000001 1.801655043323955 0.833000000000000
-0.388000000000001 1.802632123254025 0.833000000000000
-0.389000000000001 1.803609237787746 0.833000000000000
-0.390000000000001 1.804586386846577 0.833000000000000
-0.391000000000001 1.805563570352211 0.833000000000000
-0.392000000000001 1.806540788226581 0.833000000000000
-0.393000000000001 1.807518040391854 0.833000000000000
-0.394000000000001 1.808495326770435 0.833000000000000
-0.395000000000001 1.809472647284963 0.833000000000000
-0.396000000000001 1.810450001858309 0.833000000000000
-0.397000000000001 1.811427390413579 0.833000000000000
-0.398000000000001 1.812404812874111 0.833000000000000
-0.399000000000001 1.813382269163472 0.833000000000000
-0.400000000000001 1.814359759205461 0.833000000000000
-0.401000000000001 1.815337282924106 0.833000000000000
-0.402000000000001 1.816314840243663 0.833000000000000
-0.403000000000001 1.817292431088616 0.833000000000000
-0.404000000000001 1.818270055383676 0.833000000000000
-0.405000000000001 1.819247713053780 0.833000000000000
-0.406000000000001 1.820225404024089 0.833000000000000
-0.407000000000001 1.821203128219990 0.833000000000000
-0.408000000000001 1.822180885567091 0.833000000000000
-0.409000000000001 1.823158675991224 0.833000000000000
-0.410000000000001 1.824136499418445 0.833000000000000
-0.411000000000001 1.825114355775026 0.833000000000000
-0.412000000000001 1.826092244987462 0.833000000000000
-0.413000000000001 1.827070166982468 0.833000000000000
-0.414000000000001 1.828048121686975 0.833000000000000
-0.415000000000001 1.829026109028133 0.833000000000000
-0.416000000000001 1.830004128933309 0.833000000000000
-0.417000000000001 1.830982181330086 0.833000000000000
-0.418000000000001 1.831960266146261 0.833000000000000
-0.419000000000001 1.832938383309846 0.833000000000000
-0.420000000000001 1.833916532749068 0.833000000000000
-0.421000000000001 1.834894714392364 0.833000000000000
-0.422000000000001 1.835872928168386 0.833000000000000
-0.423000000000001 1.836851174005994 0.833000000000000
-0.424000000000001 1.837829451834261 0.833000000000000
-0.425000000000001 1.838807761582470 0.833000000000000
-0.426000000000001 1.839786103180110 0.833000000000000
-0.427000000000001 1.840764476556881 0.833000000000000
-0.428000000000001 1.841742881642686 0.833000000000000
-0.429000000000001 1.842721318367642 0.833000000000000
-0.430000000000001 1.843699786662065 0.833000000000000
-0.431000000000001 1.844678286456479 0.833000000000000
-0.432000000000001 1.845656817681612 0.833000000000000
-0.433000000000001 1.846635380268395 0.833000000000000
-0.434000000000001 1.847613974147962 0.833000000000000
-0.435000000000001 1.848592599251649 0.833000000000000
-0.436000000000001 1.849571255510994 0.833000000000000
-0.437000000000001 1.850549942857735 0.833000000000000
-0.438000000000001 1.851528661223809 0.833000000000000
-0.439000000000001 1.852507410541353 0.833000000000000
-0.440000000000001 1.853486190742704 0.833000000000000
-0.441000000000001 1.854465001760393 0.833000000000000
-0.442000000000001 1.855443843527149 0.833000000000000
-0.443000000000001 1.856422715975901 0.833000000000000
-0.444000000000001 1.857401619039768 0.833000000000000
-0.445000000000001 1.858380552652068 0.833000000000000
-0.446000000000001 1.859359516746309 0.833000000000000
-0.447000000000001 1.860338511256196 0.833000000000000
-0.448000000000001 1.861317536115625 0.833000000000000
-0.449000000000001 1.862296591258686 0.833000000000000
-0.450000000000001 1.863275676619654 0.833000000000000
-0.451000000000001 1.864254792133004 0.833000000000000
-0.452000000000001 1.865233937733393 0.833000000000000
-0.453000000000001 1.866213113355670 0.833000000000000
-0.454000000000001 1.867192318934873 0.833000000000000
-0.455000000000001 1.868171554406227 0.833000000000000
-0.456000000000001 1.869150819705145 0.833000000000000
-0.457000000000001 1.870130114767227 0.833000000000000
-0.458000000000001 1.871109439528253 0.833000000000000
-0.459000000000001 1.872088793924198 0.833000000000000
-0.460000000000001 1.873068177891212 0.833000000000000
-0.461000000000001 1.874047591365636 0.833000000000000
-0.462000000000001 1.875027034283989 0.833000000000000
-0.463000000000001 1.876006506582975 0.833000000000000
-0.464000000000001 1.876986008199479 0.833000000000000
-0.465000000000001 1.877965539070568 0.833000000000000
-0.466000000000001 1.878945099133487 0.833000000000000
-0.467000000000001 1.879924688325665 0.833000000000000
-0.468000000000001 1.880904306584707 0.833000000000000
-0.469000000000001 1.881883953848396 0.833000000000000
-0.470000000000001 1.882863630054695 0.833000000000000
-0.471000000000001 1.883843335141743 0.833000000000000
-0.472000000000001 1.884823069047858 0.833000000000000
-0.473000000000001 1.885802831711531 0.833000000000000
-0.474000000000001 1.886782623071428 0.833000000000000
-0.475000000000001 1.887762443066394 0.833000000000000
-0.476000000000001 1.888742291635443 0.833000000000000
-0.477000000000001 1.889722168717766 0.833000000000000
-0.478000000000001 1.890702074252727 0.833000000000000
-0.479000000000001 1.891682008179858 0.833000000000000
-0.480000000000001 1.892661970438867 0.833000000000000
-0.481000000000001 1.893641960969634 0.833000000000000
-0.482000000000001 1.894621979712202 0.833000000000000
-0.483000000000001 1.895602026606794 0.833000000000000
-0.484000000000001 1.896582101593794 0.833000000000000
-0.485000000000001 1.897562204613759 0.833000000000000
-0.486000000000001 1.898542335607413 0.833000000000000
-0.487000000000001 1.899522494515648 0.833000000000000
-0.488000000000001 1.900502681279520 0.833000000000000
-0.489000000000001 1.901482895840255 0.833000000000000
-0.490000000000001 1.902463138139242 0.833000000000000
-0.491000000000001 1.903443408118038 0.833000000000000
-0.492000000000001 1.904423705718360 0.833000000000000
-0.493000000000001 1.905404030882093 0.833000000000000
-0.494000000000001 1.906384383551284 0.833000000000000
-0.495000000000001 1.907364763668142 0.833000000000000
-0.496000000000001 1.908345171175039 0.833000000000000
-0.497000000000001 1.909325606014510 0.833000000000000
-0.498000000000001 1.910306068129246 0.833000000000000
-0.499000000000001 1.911286557462106 0.833000000000000
-0.500000000000001 1.912267073956101 0.833000000000000
-0.501000000000001 1.913247617554409 0.833000000000000
-0.502000000000001 1.914228188200361 0.833000000000000
-0.503000000000001 1.915208785837448 0.833000000000000
-0.504000000000001 1.916189410409321 0.833000000000000
-0.505000000000001 1.917170061859785 0.833000000000000
-0.506000000000001 1.918150740132803 0.833000000000000
-0.507000000000001 1.919131445172493 0.833000000000000
-0.508000000000001 1.920112176923131 0.833000000000000
-0.509000000000001 1.921092935329145 0.833000000000000
-0.510000000000001 1.922073720335119 0.833000000000000
-0.511000000000001 1.923054531885791 0.833000000000000
-0.512000000000001 1.924035369926053 0.833000000000000
-0.513000000000001 1.925016234400948 0.833000000000000
-0.514000000000001 1.925997125255670 0.833000000000000
-0.515000000000001 1.926978042435571 0.833000000000000
-0.516000000000001 1.927958985886147 0.833000000000000
-0.517000000000001 1.928939955553049 0.833000000000000
-0.518000000000001 1.929920951382077 0.833000000000000
-0.519000000000001 1.930901973319180 0.833000000000000
-0.520000000000001 1.931883021310459 0.833000000000000
-0.521000000000001 1.932864095302159 0.833000000000000
-0.522000000000001 1.933845195240677 0.833000000000000
-0.523000000000001 1.934826321072555 0.833000000000000
-0.524000000000001 1.935807472744486 0.833000000000000
-0.525000000000001 1.936788650203305 0.833000000000000
-0.526000000000001 1.937769853395995 0.833000000000000
-0.527000000000001 1.938751082269684 0.833000000000000
-0.528000000000001 1.939732336771647 0.833000000000000
-0.529000000000001 1.940713616849303 0.833000000000000
-0.530000000000001 1.941694922450214 0.833000000000000
-0.531000000000001 1.942676253522084 0.833000000000000
-0.532000000000001 1.943657610012765 0.833000000000000
-0.533000000000001 1.944638991870246 0.833000000000000
-0.534000000000001 1.945620399042663 0.833000000000000
-0.535000000000001 1.946601831478290 0.833000000000000
-0.536000000000001 1.947583289125546 0.833000000000000
-0.537000000000001 1.948564771932987 0.833000000000000
-0.538000000000001 1.949546279849310 0.833000000000000
-0.539000000000001 1.950527812823352 0.833000000000000
-0.540000000000001 1.951509370804091 0.833000000000000
-0.541000000000001 1.952490953740642 0.833000000000000
-0.542000000000001 1.953472561582257 0.833000000000000
-0.543000000000001 1.954454194278330 0.833000000000000
-0.544000000000001 1.955435851778387 0.833000000000000
-0.545000000000001 1.956417534032096 0.833000000000000
-0.546000000000001 1.957399240989257 0.833000000000000
-0.547000000000001 1.958380972599810 0.833000000000000
-0.548000000000001 1.959362728813828 0.833000000000000
-0.549000000000001 1.960344509581518 0.833000000000000
-0.550000000000001 1.961326314853226 0.833000000000000
-0.551000000000001 1.962308144579427 0.833000000000000
-0.552000000000001 1.963289998710733 0.833000000000000
-0.553000000000001 1.964271877197887 0.833000000000000
-0.554000000000001 1.965253779991768 0.833000000000000
-0.555000000000001 1.966235707043384 0.833000000000000
-0.556000000000001 1.967217658303877 0.833000000000000
-0.557000000000001 1.968199633724518 0.833000000000000
-0.558000000000001 1.969181633256712 0.833000000000000
-0.559000000000001 1.970163656851993 0.833000000000000
-0.560000000000001 1.971145704462024 0.833000000000000
-0.561000000000001 1.972127776038601 0.833000000000000
-0.562000000000001 1.973109871533645 0.833000000000000
-0.563000000000001 1.974091990899210 0.833000000000000
-0.564000000000001 1.975074134087476 0.833000000000000
-0.565000000000001 1.976056301050750 0.833000000000000
-0.566000000000001 1.977038491741469 0.833000000000000
-0.567000000000001 1.978020706112196 0.833000000000000
-0.568000000000001 1.979002944115619 0.833000000000000
-0.569000000000001 1.979985205704555 0.833000000000000
-0.570000000000001 1.980967490831945 0.833000000000000
-0.571000000000001 1.981949799450857 0.833000000000000
-0.572000000000001 1.982932131514483 0.833000000000000
-0.573000000000001 1.983914486976138 0.833000000000000
-0.574000000000001 1.984896865789264 0.833000000000000
-0.575000000000001 1.985879267907425 0.833000000000000
-0.576000000000001 1.986861693284310 0.833000000000000
-0.577000000000001 1.987844141873727 0.833000000000000
-0.578000000000001 1.988826613629611 0.833000000000000
-0.579000000000001 1.989809108506018 0.833000000000000
-0.580000000000001 1.990791626457123 0.833000000000000
-0.581000000000001 1.991774167437226 0.833000000000000
-0.582000000000001 1.992756731400745 0.833000000000000
-0.583000000000001 1.993739318302220 0.833000000000000
-0.584000000000001 1.994721928096309 0.833000000000000
-0.585000000000001 1.995704560737795 0.833000000000000
-0.586000000000001 1.996687216181574 0.833000000000000
-0.587000000000001 1.997669894382665 0.833000000000000
-0.588000000000001 1.998652595296203 0.833000000000000
-0.589000000000001 1.999635318877442 0.833000000000000
-0.590000000000001 2.000618065081754 0.833000000000000
-0.591000000000001 2.001600833864630 0.833000000000000
-0.592000000000001 2.002583625181676 0.833000000000000
-0.593000000000001 2.003566438988612 0.833000000000000
-0.594000000000001 2.004549275241279 0.833000000000000
-0.595000000000001 2.005532133895632 0.833000000000000
-0.596000000000001 2.006515014907741 0.833000000000000
-0.597000000000001 2.007497918233792 0.833000000000000
-0.598000000000001 2.008480843830083 0.833000000000000
-0.599000000000001 2.009463791653029 0.833000000000000
-0.600000000000001 2.010446761659157 0.833000000000000
-0.601000000000001 2.011429753805112 0.833000000000000
-0.602000000000001 2.012412768047647 0.833000000000000
-0.603000000000001 2.013395804343630 0.833000000000000
-0.604000000000001 2.014378862650039 0.833000000000000
-0.605000000000001 2.015361942923969 0.833000000000000
-0.606000000000001 2.016345045122622 0.833000000000000
-0.607000000000001 2.017328169203315 0.833000000000000
-0.608000000000001 2.018311315123472 0.833000000000000
-0.609000000000001 2.019294482840631 0.833000000000000
-0.610000000000001 2.020277672312440 0.833000000000000
-0.611000000000001 2.021260883496653 0.833000000000000
-0.612000000000001 2.022244116351140 0.833000000000000
-0.613000000000001 2.023227370833875 0.833000000000000
-0.614000000000001 2.024210646902941 0.833000000000000
-0.615000000000001 2.025193944516535 0.833000000000000
-0.616000000000001 2.026177263632954 0.833000000000000
-0.617000000000001 2.027160604210609 0.833000000000000
-0.618000000000001 2.028143966208015 0.833000000000000
-0.619000000000001 2.029127349583798 0.833000000000000
-0.620000000000001 2.030110754296686 0.833000000000000
-0.621000000000001 2.031094180305515 0.833000000000000
-0.622000000000001 2.032077627569230 0.833000000000000
-0.623000000000001 2.033061096046876 0.833000000000000
-0.624000000000001 2.034044585697609 0.833000000000000
-0.625000000000001 2.035028096480687 0.833000000000000
-0.626000000000001 2.036011628355474 0.833000000000000
-0.627000000000001 2.036995181281437 0.833000000000000
-0.628000000000001 2.037978755218147 0.833000000000000
-0.629000000000001 2.038962350125281 0.833000000000000
-0.630000000000001 2.039945965962617 0.833000000000000
-0.631000000000001 2.040929602690036 0.833000000000000
-0.632000000000001 2.041913260267524 0.833000000000000
-0.633000000000001 2.042896938655166 0.833000000000000
-0.634000000000001 2.043880637813153 0.833000000000000
-0.635000000000001 2.044864357701772 0.833000000000000
-0.636000000000001 2.045848098281418 0.833000000000000
-0.637000000000001 2.046831859512584 0.833000000000000
-0.638000000000001 2.047815641355863 0.833000000000000
-0.639000000000001 2.048799443771948 0.833000000000000
-0.640000000000001 2.049783266721634 0.833000000000000
-0.641000000000001 2.050767110165815 0.833000000000000
-0.642000000000001 2.051750974065484 0.833000000000000
-0.643000000000001 2.052734858381735 0.833000000000000
-0.644000000000001 2.053718763075757 0.833000000000000
-0.645000000000001 2.054702688108841 0.833000000000000
-0.646000000000001 2.055686633442376 0.833000000000000
-0.647000000000001 2.056670599037846 0.833000000000000
-0.648000000000001 2.057654584856837 0.833000000000000
-0.649000000000001 2.058638590861028 0.833000000000000
-0.650000000000001 2.059622617012197 0.833000000000000
-0.651000000000001 2.060606663272217 0.833000000000000
-0.652000000000001 2.061590729603061 0.833000000000000
-0.653000000000001 2.062574815966795 0.833000000000000
-0.654000000000001 2.063558922325581 0.833000000000000
-0.655000000000001 2.064543048641676 0.833000000000000
-0.656000000000001 2.065527194877437 0.833000000000000
-0.657000000000001 2.066511360995306 0.833000000000000
-0.658000000000001 2.067495546957830 0.833000000000000
-0.659000000000001 2.068479752727644 0.833000000000000
-0.660000000000001 2.069463978267478 0.833000000000000
-0.661000000000001 2.070448223540156 0.833000000000000
-0.662000000000001 2.071432488508598 0.833000000000000
-0.663000000000001 2.072416773135811 0.833000000000000
-0.664000000000001 2.073401077384900 0.833000000000000
-0.665000000000001 2.074385401219061 0.833000000000000
-0.666000000000001 2.075369744601582 0.833000000000000
-0.667000000000001 2.076354107495844 0.833000000000000
-0.668000000000001 2.077338489865315 0.833000000000000
-0.669000000000001 2.078322891673560 0.833000000000000
-0.670000000000001 2.079307312884234 0.833000000000000
-0.671000000000001 2.080291753461080 0.833000000000000
-0.672000000000001 2.081276213367933 0.833000000000000
-0.673000000000001 2.082260692568717 0.833000000000000
-0.674000000000001 2.083245191027449 0.833000000000000
-0.675000000000001 2.084229708708234 0.833000000000000
-0.676000000000001 2.085214245575263 0.833000000000000
-0.677000000000001 2.086198801592823 0.833000000000000
-0.678000000000001 2.087183376725284 0.833000000000000
-0.679000000000001 2.088167970937106 0.833000000000000
-0.680000000000001 2.089152584192838 0.833000000000000
-0.681000000000001 2.090137216457115 0.833000000000000
-0.682000000000001 2.091121867694664 0.833000000000000
-0.683000000000001 2.092106537870296 0.833000000000000
-0.684000000000001 2.093091226948907 0.833000000000000
-0.685000000000001 2.094075934895486 0.833000000000000
-0.686000000000001 2.095060661675104 0.833000000000000
-0.687000000000001 2.096045407252920 0.833000000000000
-0.688000000000001 2.097030171594177 0.833000000000000
-0.689000000000001 2.098014954664206 0.833000000000000
-0.690000000000001 2.098999756428424 0.833000000000000
-0.691000000000001 2.099984576852332 0.833000000000000
-0.692000000000001 2.100969415901516 0.833000000000000
-0.693000000000001 2.101954273541647 0.833000000000000
-0.694000000000001 2.102939149738479 0.833000000000000
-0.695000000000001 2.103924044457854 0.833000000000000
-0.696000000000001 2.104908957665694 0.833000000000000
-0.697000000000001 2.105893889328008 0.833000000000000
-0.698000000000001 2.106878839410884 0.833000000000000
-0.699000000000001 2.107863807880499 0.833000000000000
-0.700000000000001 2.108848794703109 0.833000000000000
-0.701000000000001 2.109833799845052 0.833000000000000
-0.702000000000001 2.110818823272751 0.833000000000000
-0.703000000000001 2.111803864952712 0.833000000000000
-0.704000000000001 2.112788924851517 0.833000000000000
-0.705000000000001 2.113774002935839 0.833000000000000
-0.706000000000001 2.114759099172422 0.833000000000000
-0.707000000000001 2.115744213528100 0.833000000000000
-0.708000000000001 2.116729345969783 0.833000000000000
-0.709000000000001 2.117714496464464 0.833000000000000
-0.710000000000001 2.118699664979212 0.833000000000000
-0.711000000000001 2.119684851481184 0.833000000000000
-0.712000000000001 2.120670055937610 0.833000000000000
-0.713000000000001 2.121655278315803 0.833000000000000
-0.714000000000001 2.122640518583155 0.833000000000000
-0.715000000000001 2.123625776707136 0.833000000000000
-0.716000000000001 2.124611052655296 0.833000000000000
-0.717000000000001 2.125596346395265 0.833000000000000
-0.718000000000001 2.126581657894748 0.833000000000000
-0.719000000000001 2.127566987121531 0.833000000000000
-0.720000000000001 2.128552334043478 0.833000000000000
-0.721000000000001 2.129537698628530 0.833000000000000
-0.722000000000001 2.130523080844706 0.833000000000000
-0.723000000000001 2.131508480660101 0.833000000000000
-0.724000000000001 2.132493898042890 0.833000000000000
-0.725000000000001 2.133479332961320 0.833000000000000
-0.726000000000001 2.134464785383720 0.833000000000000
-0.727000000000001 2.135450255278491 0.833000000000000
-0.728000000000001 2.136435742614113 0.833000000000000
-0.729000000000001 2.137421247359144 0.833000000000000
-0.730000000000001 2.138406769482209 0.833000000000000
-0.731000000000001 2.139392308952018 0.833000000000000
-0.732000000000001 2.140377865737352 0.833000000000000
-0.733000000000001 2.141363439807066 0.833000000000000
-0.734000000000001 2.142349031130092 0.833000000000000
-0.735000000000001 2.143334639675436 0.833000000000000
-0.736000000000001 2.144320265412177 0.833000000000000
-0.737000000000001 2.145305908309470 0.833000000000000
-0.738000000000001 2.146291568336543 0.833000000000000
-0.739000000000001 2.147277245462699 0.833000000000000
-0.740000000000001 2.148262939657311 0.833000000000000
-0.741000000000001 2.149248650889828 0.833000000000000
-0.742000000000001 2.150234379129773 0.833000000000000
-0.743000000000001 2.151220124346739 0.833000000000000
-0.744000000000001 2.152205886510392 0.833000000000000
-0.745000000000001 2.153191665590472 0.833000000000000
-0.746000000000001 2.154177461556790 0.833000000000000
-0.747000000000001 2.155163274379231 0.833000000000000
-0.748000000000001 2.156149104027748 0.833000000000000
-0.749000000000001 2.157134950472368 0.833000000000000
