0.250000000000000 1.192912640139403 0.833000000000000
0.251000000000000 1.191998779275829 0.833000000000000
0.252000000000000 1.191085174431809 0.833000000000000
0.253000000000000 1.190171826763174 0.833000000000000
0.254000000000000 1.189258737432057 0.833000000000000
0.255000000000000 1.188345907607672 0.833000000000000
0.256000000000000 1.187433338466371 0.833000000000000
0.257000000000000 1.186521031191697 0.833000000000000
0.258000000000000 1.185608986974439 0.833000000000000
0.259000000000000 1.184697207012690 0.833000000000000
0.260000000000000 1.183785692511902 0.833000000000000
0.261000000000000 1.182874444684943 0.833000000000000
0.262000000000000 1.181963464752159 0.833000000000000
0.263000000000000 1.181052753941422 0.833000000000000
0.264000000000000 1.180142313488201 0.833000000000000
0.265000000000000 1.179232144635614 0.833000000000000
0.266000000000000 1.178322248634486 0.833000000000000
0.267000000000000 1.177412626743420 0.833000000000000
0.268000000000000 1.176503280228845 0.833000000000000
0.269000000000000 1.175594210365085 0.833000000000000
0.270000000000000 1.174685418434421 0.833000000000000
0.271000000000000 1.173776905727151 0.833000000000000
0.272000000000000 1.172868673541656 0.833000000000000
0.273000000000000 1.171960723184461 0.833000000000000
0.274000000000000 1.171053055970305 0.833000000000000
0.275000000000000 1.170145673222198 0.833000000000000
0.276000000000000 1.169238576271495 0.833000000000000
0.277000000000000 1.168331766457958 0.833000000000000
0.278000000000000 1.167425245129822 0.833000000000000
0.279000000000000 1.166519013643869 0.833000000000000
0.280000000000000 1.165613073365489 0.833000000000000
0.281000000000000 1.164707425668754 0.833000000000000
0.282000000000000 1.163802071936485 0.833000000000000
0.283000000000000 1.162897013560325 0.833000000000000
0.284000000000000 1.161992251940807 0.833000000000000
0.285000000000000 1.161087788487429 0.833000000000000
0.286000000000000 1.160183624618725 0.833000000000000
0.287000000000000 1.159279761762337 0.833000000000000
0.288000000000000 1.158376201355093 0.833000000000000
0.289000000000000 1.157472944843076 0.833000000000000
0.290000000000000 1.156569993681704 0.833000000000000
0.291000000000000 1.155667349335805 0.833000000000000
0.292000000000000 1.154765013279692 0.833000000000000
0.293000000000000 1.153862986997245 0.833000000000000
0.294000000000000 1.152961271981983 0.833000000000000
0.295000000000000 1.152059869737151 0.833000000000000
0.296000000000000 1.151158781775792 0.833000000000000
0.297000000000000 1.150258009620835 0.833000000000000
0.298000000000000 1.149357554805173 0.833000000000000
0.299000000000000 1.148457418871744 0.833000000000000
0.300000000000000 1.147557603373618 0.833000000000000
0.301000000000000 1.146658109874079 0.833000000000000
0.302000000000000 1.145758939946711 0.833000000000000
0.303000000000000 1.144860095175481 0.833000000000000
0.304000000000000 1.143961577154831 0.833000000000000
0.305000000000000 1.143063387489761 0.833000000000000
0.306000000000000 1.142165527795918 0.833000000000000
0.307000000000000 1.141267999699686 0.833000000000000
0.308000000000000 1.140370804838281 0.833000000000000
0.309000000000000 1.139473944859833 0.833000000000000
0.310000000000000 1.138577421423484 0.833000000000000
0.311000000000000 1.137681236199481 0.833000000000000
0.312000000000000 1.136785390869269 0.833000000000000
0.313000000000000 1.135889887125586 0.833000000000000
0.314000000000000 1.134994726672560 0.833000000000000
0.315000000000000 1.134099911225801 0.833000000000000
0.316000000000000 1.133205442512508 0.833000000000000
0.317000000000000 1.132311322271559 0.833000000000000
0.318000000000000 1.131417552253619 0.833000000000000
0.319000000000000 1.130524134221233 0.833000000000000
0.320000000000000 1.129631069948934 0.833000000000000
0.321000000000000 1.128738361223345 0.833000000000000
0.322000000000000 1.127846009843282 0.833000000000000
0.323000000000000 1.126954017619859 0.833000000000000
0.324000000000000 1.126062386376596 0.833000000000000
0.325000000000000 1.125171117949525 0.833000000000000
0.326000000000000 1.124280214187301 0.833000000000000
0.327000000000000 1.123389676951312 0.833000000000000
0.328000000000000 1.122499508115782 0.833000000000000
0.329000000000000 1.121609709567897 0.833000000000000
0.330000000000000 1.120720283207905 0.833000000000000
0.331000000000000 1.119831230949242 0.833000000000000
0.332000000000000 1.118942554718638 0.833000000000000
0.333000000000000 1.118054256456240 0.833000000000000
0.334000000000000 1.117166338115728 0.833000000000000
0.335000000000000 1.116278801664437 0.833000000000000
0.336000000000000 1.115391649083472 0.833000000000000
0.337000000000000 1.114504882367838 0.833000000000000
0.338000000000000 1.113618503526559 0.833000000000000
0.339000000000000 1.112732514582801 0.833000000000000
0.340000000000000 1.111846917574002 0.833000000000000
0.341000000000000 1.110961714551997 0.833000000000000
0.342000000000000 1.110076907583149 0.833000000000000
0.343000000000000 1.109192498748477 0.833000000000000
0.344000000000000 1.108308490143789 0.833000000000000
0.345000000000000 1.107424883879815 0.833000000000000
0.346000000000000 1.106541682082341 0.833000000000000
0.347000000000000 1.105658886892345 0.833000000000000
0.348000000000000 1.104776500466136 0.833000000000000
0.349000000000000 1.103894524975492 0.833000000000000
0.350000000000000 1.103012962607798 0.833000000000000
0.351000000000000 1.102131815566196 0.833000000000000
0.352000000000000 1.101251086069719 0.833000000000000
0.353000000000000 1.100370776353441 0.833000000000000
0.354000000000000 1.099490888668627 0.833000000000000
0.355000000000000 1.098611425282875 0.833000000000000
0.356000000000000 1.097732388480270 0.833000000000000
0.357000000000000 1.096853780561537 0.833000000000000
0.358000000000000 1.095975603844191 0.833000000000000
0.359000000000000 1.095097860662696 0.833000000000000
0.360000000000000 1.094220553368620 0.833000000000000
0.361000000000000 1.093343684330792 0.833000000000000
0.362000000000000 1.092467255935468 0.833000000000000
0.363000000000000 1.091591270586488 0.833000000000000
0.364000000000000 1.090715730705443 0.833000000000000
0.365000000000000 1.089840638731842 0.833000000000000
0.366000000000000 1.088965997123276 0.833000000000000
0.367000000000000 1.088091808355593 0.833000000000000
0.368000000000000 1.087218074923068 0.833000000000000
0.369000000000000 1.086344799338572 0.833000000000000
0.370000000000000 1.085471984133758 0.833000000000000
0.371000000000000 1.084599631859229 0.833000000000000
0.372000000000000 1.083727745084725 0.833000000000000
0.373000000000000 1.082856326399300 0.833000000000000
0.374000000000000 1.081985378411508 0.833000000000000
0.375000000000000 1.081114903749592 0.833000000000000
0.376000000000000 1.080244905061665 0.833000000000000
0.377000000000000 1.079375385015911 0.833000000000000
0.378000000000000 1.078506346300768 0.833000000000000
0.379000000000000 1.077637791625129 0.833000000000000
0.380000000000000 1.076769723718538 0.833000000000000
0.381000000000000 1.075902145331389 0.833000000000000
0.382000000000000 1.075035059235128 0.833000000000000
0.383000000000000 1.074168468222457 0.833000000000000
0.384000000000000 1.073302375107542 0.833000000000000
0.385000000000000 1.072436782726224 0.833000000000000
0.386000000000000 1.071571693936224 0.833000000000000
0.387000000000000 1.070707111617367 0.833000000000000
0.388000000000000 1.069843038671789 0.833000000000000
0.389000000000000 1.068979478024165 0.833000000000000
0.390000000000000 1.068116432621923 0.833000000000000
0.391000000000000 1.067253905435475 0.833000000000000
0.392000000000000 1.066391899458444 0.833000000000000
0.393000000000000 1.065530417707888 0.833000000000000
0.394000000000000 1.064669463224539 0.833000000000000
0.395000000000000 1.063809039073038 0.833000000000000
0.396000000000000 1.062949148342169 0.833000000000000
0.397000000000000 1.062089794145109 0.833000000000000
0.398000000000000 1.061230979619663 0.833000000000000
0.399000000000000 1.060372707928516 0.833000000000000
0.400000000000000 1.059514982259485 0.833000000000000
0.401000000000000 1.058657805825768 0.833000000000000
0.402000000000000 1.057801181866205 0.833000000000000
0.403000000000000 1.056945113645536 0.833000000000000
0.404000000000000 1.056089604454661 0.833000000000000
0.405000000000000 1.055234657610912 0.833000000000000
0.406000000000000 1.054380276458319 0.833000000000000
0.407000000000000 1.053526464367879 0.833000000000000
0.408000000000000 1.052673224737844 0.833000000000000
0.409000000000000 1.051820560993985 0.833000000000000
0.410000000000000 1.050968476589890 0.833000000000000
0.411000000000000 1.050116975007241 0.833000000000000
0.412000000000000 1.049266059756105 0.833000000000000
0.413000000000000 1.048415734375235 0.833000000000000
0.414000000000000 1.047566002432360 0.833000000000000
0.415000000000000 1.046716867524489 0.833000000000000
0.416000000000000 1.045868333278218 0.833000000000000
0.417000000000000 1.045020403350039 0.833000000000000
0.418000000000000 1.044173081426646 0.833000000000000
0.419000000000000 1.043326371225265 0.833000000000000
0.420000000000000 1.042480276493962 0.833000000000000
0.421000000000000 1.041634801011979 0.833000000000000
0.422000000000000 1.040789948590054 0.833000000000000
0.423000000000000 1.039945723070762 0.833000000000000
0.424000000000000 1.039102128328850 0.833000000000000
0.425000000000000 1.038259168271577 0.833000000000000
0.426000000000000 1.037416846839065 0.833000000000000
0.427000000000000 1.036575168004648 0.833000000000000
0.428000000000000 1.035734135775229 0.833000000000000
0.429000000000000 1.034893754191636 0.833000000000000
0.430000000000000 1.034054027328994 0.833000000000000
0.431000000000000 1.033214959297091 0.833000000000000
0.432000000000000 1.032376554240753 0.833000000000000
0.433000000000000 1.031538816340227 0.833000000000000
0.434000000000000 1.030701749811556 0.833000000000000
0.435000000000000 1.029865358906983 0.833000000000000
0.436000000000000 1.029029647915336 0.833000000000000
0.437000000000000 1.028194621162432 0.833000000000000
0.438000000000000 1.027360283011479 0.833000000000000
0.439000000000000 1.026526637863495 0.833000000000000
0.440000000000000 1.025693690157716 0.833000000000000
0.441000000000000 1.024861444372022 0.833000000000000
0.442000000000000 1.024029905023365 0.833000000000000
0.443000000000000 1.023199076668201 0.833000000000000
0.444000000000000 1.022368963902931 0.833000000000000
0.445000000000000 1.021539571364348 0.833000000000000
0.446000000000000 1.020710903730085 0.833000000000000
0.447000000000000 1.019882965719072 0.833000000000000
0.448000000000000 1.019055762092005 0.833000000000000
0.449000000000000 1.018229297651813 0.833000000000000
0.450000000000000 1.017403577244132 0.833000000000000
0.451000000000000 1.016578605757795 0.833000000000000
0.452000000000000 1.015754388125317 0.833000000000000
0.453000000000000 1.014930929323393 0.833000000000000
0.454000000000000 1.014108234373398 0.833000000000000
0.455000000000000 1.013286308341906 0.833000000000000
0.456000000000000 1.012465156341203 0.833000000000000
0.457000000000000 1.011644783529807 0.833000000000000
0.458000000000000 1.010825195113008 0.833000000000000
0.459000000000000 1.010006396343405 0.833000000000000
0.460000000000000 1.009188392521454 0.833000000000000
0.461000000000000 1.008371188996019 0.833000000000000
0.462000000000000 1.007554791164943 0.833000000000000
0.463000000000000 1.006739204475611 0.833000000000000
0.464000000000000 1.005924434425532 0.833000000000000
0.465000000000000 1.005110486562930 0.833000000000000
0.466000000000000 1.004297366487334 0.833000000000000
0.467000000000000 1.003485079850182 0.833000000000000
0.468000000000000 1.002673632355443 0.833000000000000
0.469000000000000 1.001863029760228 0.833000000000000
0.470000000000000 1.001053277875426 0.833000000000000
0.471000000000000 1.000244382566341 0.833000000000000
0.472000000000000 0.999436349753349 0.833000000000000
0.473000000000000 0.998629185412546 0.833000000000000
0.474000000000000 0.997822895576421 0.833000000000000
0.475000000000000 0.997017486334537 0.833000000000000
0.476000000000000 0.996212963834216 0.833000000000000
0.477000000000000 0.995409334281234 0.833000000000000
0.478000000000000 0.994606603940537 0.833000000000000
0.479000000000000 0.993804779136953 0.833000000000000
0.480000000000000 0.993003866255925 0.833000000000000
0.481000000000000 0.992203871744251 0.833000000000000
0.482000000000000 0.991404802110835 0.833000000000000
0.483000000000000 0.990606663927450 0.833000000000000
0.484000000000000 0.989809463829511 0.833000000000000
0.485000000000000 0.989013208516864 0.833000000000000
0.486000000000000 0.988217904754578 0.833000000000000
0.487000000000000 0.987423559373764 0.833000000000000
0.488000000000000 0.986630179272384 0.833000000000000
0.489000000000000 0.985837771416098 0.833000000000000
0.490000000000000 0.985046342839104 0.833000000000000
0.491000000000000 0.984255900645000 0.833000000000000
0.492000000000000 0.983466452007658 0.833000000000000
0.493000000000000 0.982678004172109 0.833000000000000
0.494000000000000 0.981890564455447 0.833000000000000
0.495000000000000 0.981104140247737 0.833000000000000
0.496000000000000 0.980318739012951 0.833000000000000
0.497000000000000 0.979534368289907 0.833000000000000
0.498000000000000 0.978751035693227 0.833000000000000
0.499000000000000 0.977968748914309 0.833000000000000
0.500000000000000 0.977187515722317 0.833000000000000
0.501000000000000 0.976407343965181 0.833000000000000
0.502000000000000 0.975628241570623 0.833000000000000
0.503000000000000 0.974850216547186 0.833000000000000
0.504000000000000 0.974073276985284 0.833000000000000
0.505000000000000 0.973297431058282 0.833000000000000
0.506000000000000 0.972522687023567 0.833000000000000
0.507000000000000 0.971749053223663 0.833000000000000
0.508000000000000 0.970976538087345 0.833000000000000
0.509000000000000 0.970205150130778 0.833000000000000
0.510000000000000 0.969434897958680 0.833000000000000
0.511000000000000 0.968665790265489 0.833000000000000
0.512000000000000 0.967897835836566 0.833000000000000
0.513000000000000 0.967131043549404 0.833000000000000
0.514000000000000 0.966365422374867 0.833000000000000
0.515000000000000 0.965600981378437 0.833000000000000
0.516000000000000 0.964837729721499 0.833000000000000
0.517000000000000 0.964075676662631 0.833000000000000
0.518000000000000 0.963314831558921 0.833000000000000
0.519000000000000 0.962555203867309 0.833000000000000
0.520000000000000 0.961796803145950 0.833000000000000
0.521000000000000 0.961039639055593 0.833000000000000
0.522000000000000 0.960283721360994 0.833000000000000
0.523000000000000 0.959529059932346 0.833000000000000
0.524000000000000 0.958775664746733 0.833000000000000
0.525000000000000 0.958023545889609 0.833000000000000
0.526000000000000 0.957272713556310 0.833000000000000
0.527000000000000 0.956523178053572 0.833000000000000
0.528000000000000 0.955774949801100 0.833000000000000
0.529000000000000 0.955028039333147 0.833000000000000
0.530000000000000 0.954282457300122 0.833000000000000
0.531000000000000 0.953538214470229 0.833000000000000
0.532000000000000 0.952795321731139 0.833000000000000
0.533000000000000 0.952053790091678 0.833000000000000
0.534000000000000 0.951313630683558 0.833000000000000
0.535000000000000 0.950574854763126 0.833000000000000
0.536000000000000 0.949837473713156 0.833000000000000
0.537000000000000 0.949101499044660 0.833000000000000
0.538000000000000 0.948366942398742 0.833000000000000
0.539000000000000 0.947633815548480 0.833000000000000
0.540000000000000 0.946902130400833 0.833000000000000
0.541000000000000 0.946171898998599 0.833000000000000
0.542000000000000 0.945443133522397 0.833000000000000
0.543000000000000 0.944715846292682 0.833000000000000
0.544000000000000 0.943990049771806 0.833000000000000
0.545000000000000 0.943265756566103 0.833000000000000
0.546000000000000 0.942542979428033 0.833000000000000
0.547000000000000 0.941821731258336 0.833000000000000
0.548000000000000 0.941102025108249 0.833000000000000
0.549000000000000 0.940383874181754 0.833000000000000
0.550000000000000 0.939667291837868 0.833000000000000
0.551000000000000 0.938952291592970 0.833000000000000
0.552000000000000 0.938238887123185 0.833000000000000
0.553000000000000 0.937527092266796 0.833000000000000
0.554000000000000 0.936816921026712 0.833000000000000
0.555000000000000 0.936108387572977 0.833000000000000
0.556000000000000 0.935401506245328 0.833000000000000
0.557000000000000 0.934696291555791 0.833000000000000
0.558000000000000 0.933992758191353 0.833000000000000
0.559000000000000 0.933290921016647 0.833000000000000
0.560000000000000 0.932590795076722 0.833000000000000
0.561000000000000 0.931892395599841 0.833000000000000
0.562000000000000 0.931195738000347 0.833000000000000
0.563000000000000 0.930500837881577 0.833000000000000
0.564000000000000 0.929807711038840 0.833000000000000
0.565000000000000 0.929116373462436 0.833000000000000
0.566000000000000 0.928426841340757 0.833000000000000
0.567000000000000 0.927739131063425 0.833000000000000
0.568000000000000 0.927053259224506 0.833000000000000
0.569000000000000 0.926369242625785 0.833000000000000
0.570000000000000 0.925687098280098 0.833000000000000
0.571000000000000 0.925006843414740 0.833000000000000
0.572000000000000 0.924328495474929 0.833000000000000
0.573000000000000 0.923652072127353 0.833000000000000
0.574000000000000 0.922977591263773 0.833000000000000
0.575000000000000 0.922305071004707 0.833000000000000
0.576000000000000 0.921634529703186 0.833000000000000
0.577000000000000 0.920965985948588 0.833000000000000
0.578000000000000 0.920299458570544 0.833000000000000
0.579000000000000 0.919634966642928 0.833000000000000
0.580000000000000 0.918972529487925 0.833000000000000
0.581000000000000 0.918312166680190 0.833000000000000
0.582000000000000 0.917653898051081 0.833000000000000
0.583000000000000 0.916997743692986 0.833000000000000
0.584000000000000 0.916343723963741 0.833000000000000
0.585000000000000 0.915691859491137 0.833000000000000
0.586000000000000 0.915042171177521 0.833000000000000
0.587000000000000 0.914394680204494 0.833000000000000
0.588000000000000 0.913749408037707 0.833000000000000
0.589000000000000 0.913106376431762 0.833000000000000
0.590000000000000 0.912465607435213 0.833000000000000
0.591000000000000 0.911827123395671 0.833000000000000
0.592000000000000 0.911190946965029 0.833000000000000
0.593000000000000 0.910557101104781 0.833000000000000
0.594000000000000 0.909925609091481 0.833000000000000
0.595000000000000 0.909296494522289 0.833000000000000
0.596000000000000 0.908669781320669 0.833000000000000
0.597000000000000 0.908045493742186 0.833000000000000
0.598000000000000 0.907423656380441 0.833000000000000
0.599000000000000 0.906804294173142 0.833000000000000
0.600000000000000 0.906187432408296 0.833000000000000
0.601000000000000 0.905573096730548 0.833000000000000
0.602000000000000 0.904961313147656 0.833000000000000
0.603000000000000 0.904352108037118 0.833000000000000
0.604000000000000 0.903745508152931 0.833000000000000
0.605000000000000 0.903141540632528 0.833000000000000
0.606000000000000 0.902540233003847 0.833000000000000
0.607000000000000 0.901941613192575 0.833000000000000
0.608000000000000 0.901345709529559 0.833000000000000
0.609000000000000 0.900752550758371 0.833000000000000
0.610000000000000 0.900162166043071 0.833000000000000
0.611000000000000 0.899574584976123 0.833000000000000
0.612000000000000 0.898989837586524 0.833000000000000
0.613000000000000 0.898407954348091 0.833000000000000
0.614000000000000 0.897828966187969 0.833000000000000
0.615000000000000 0.897252904495327 0.833000000000000
0.616000000000000 0.896679801130259 0.833000000000000
0.617000000000000 0.896109688432900 0.833000000000000
0.618000000000000 0.895542599232756 0.833000000000000
0.619000000000000 0.894978566858265 0.833000000000000
0.620000000000000 0.894417625146576 0.833000000000000
0.621000000000000 0.893859808453575 0.833000000000000
0.622000000000000 0.893305151664153 0.833000000000000
0.623000000000000 0.892753690202714 0.833000000000000
0.624000000000000 0.892205460043960 0.833000000000000
0.625000000000000 0.891660497723922 0.833000000000000
0.626000000000000 0.891118840351276 0.833000000000000
0.627000000000000 0.890580525618937 0.833000000000000
0.628000000000000 0.890045591815941 0.833000000000000
0.629000000000000 0.889514077839628 0.833000000000000
0.630000000000000 0.888986023208130 0.833000000000000
0.631000000000000 0.888461468073175 0.833000000000000
0.632000000000000 0.887940453233222 0.833000000000000
0.633000000000000 0.887423020146921 0.833000000000000
0.634000000000000 0.886909210946935 0.833000000000000
0.635000000000000 0.886399068454101 0.833000000000000
0.636000000000000 0.885892636191977 0.833000000000000
0.637000000000000 0.885389958401749 0.833000000000000
0.638000000000000 0.884891080057549 0.833000000000000
0.639000000000000 0.884396046882156 0.833000000000000
0.640000000000000 0.883904905363133 0.833000000000000
0.641000000000000 0.883417702769376 0.833000000000000
0.642000000000000 0.882934487168116 0.833000000000000
0.643000000000000 0.882455307442376 0.833000000000000
0.644000000000000 0.881980213308896 0.833000000000000
0.645000000000000 0.881509255336553 0.833000000000000
0.646000000000000 0.881042484965268 0.833000000000000
0.647000000000000 0.880579954525455 0.833000000000000
0.648000000000000 0.880121717257983 0.833000000000000
0.649000000000000 0.879667827334707 0.833000000000000
0.650000000000000 0.879218339879569 0.833000000000000
0.651000000000000 0.878773310990282 0.833000000000000
0.652000000000000 0.878332797760630 0.833000000000000
0.653000000000000 0.877896858303411 0.833000000000000
0.654000000000000 0.877465551774009 0.833000000000000
0.655000000000000 0.877038938394664 0.833000000000000
0.656000000000000 0.876617079479428 0.833000000000000
0.657000000000000 0.876200037459847 0.833000000000000
0.658000000000000 0.875787875911392 0.833000000000000
0.659000000000000 0.875380659580659 0.833000000000000
0.660000000000000 0.874978454413376 0.833000000000000
0.661000000000000 0.874581327583237 0.833000000000000
0.662000000000000 0.874189347521587 0.833000000000000
0.663000000000000 0.873802583948010 0.833000000000000
0.664000000000000 0.873421107901822 0.833000000000000
0.665000000000000 0.873044991774539 0.833000000000000
0.666000000000000 0.872674309343300 0.833000000000000
0.667000000000000 0.872309135805356 0.833000000000000
0.668000000000000 0.871949547813592 0.833000000000000
0.669000000000000 0.871595623513155 0.833000000000000
0.670000000000000 0.871247442579239 0.833000000000000
0.671000000000000 0.870905086256035 0.833000000000000
0.672000000000000 0.870568637396927 0.833000000000000
0.673000000000000 0.870238180505956 0.833000000000000
0.674000000000000 0.869913801780612 0.833000000000000
0.675000000000000 0.869595589155999 0.833000000000000
0.676000000000000 0.869283632350427 0.833000000000000
0.677000000000000 0.868978022912501 0.833000000000000
0.678000000000000 0.868678854269729 0.833000000000000
0.679000000000000 0.868386221778754 0.833000000000000
0.680000000000000 0.868100222777244 0.833000000000000
0.681000000000000 0.867820956637505 0.833000000000000
0.682000000000000 0.867548524821912 0.833000000000000
0.683000000000000 0.867283030940200 0.833000000000000
0.684000000000000 0.867024580808716 0.833000000000000
0.685000000000000 0.866773282511691 0.833000000000000
0.686000000000000 0.866529246464631 0.833000000000000
0.687000000000000 0.866292585479908 0.833000000000000
0.688000000000000 0.866063414834640 0.833000000000000
0.689000000000000 0.865841852340966 0.833000000000000
0.690000000000000 0.865628018418801 0.833000000000000
0.691000000000000 0.865422036171195 0.833000000000000
0.692000000000000 0.865224031462393 0.833000000000000
0.693000000000000 0.865034132998720 0.833000000000000
0.694000000000000 0.864852472412408 0.833000000000000
0.695000000000000 0.864679184348508 0.833000000000000
0.696000000000000 0.864514406554999 0.833000000000000
0.697000000000000 0.864358279976255 0.833000000000000
0.698000000000000 0.864210948850015 0.833000000000000
0.699000000000000 0.864072560808010 0.833000000000000
0.700000000000000 0.863943266980423 0.833000000000000
0.701000000000000 0.863823222104339 0.833000000000000
0.702000000000000 0.863712584636390 0.833000000000000
0.703000000000000 0.863611516869766 0.833000000000000
0.704000000000000 0.863520185055828 0.833000000000000
0.705000000000000 0.863438759530501 0.833000000000000
0.706000000000000 0.863367414845712 0.833000000000000
0.707000000000000 0.863306329906077 0.833000000000000
0.708000000000000 0.863255688111132 0.833000000000000
0.709000000000000 0.863215677503328 0.833000000000000
0.710000000000000 0.863186490922128 0.833000000000000
0.711000000000000 0.863168326164451 0.833000000000000
0.712000000000000 0.863161386151820 0.833000000000000
0.713000000000000 0.863165879104543 0.833000000000000
0.714000000000000 0.863182018723261 0.833000000000000
0.715000000000000 0.863210024378259 0.833000000000000
0.716000000000000 0.863250121306943 0.833000000000000
0.717000000000000 0.863302540819891 0.833000000000000
0.718000000000000 0.863367520515933 0.833000000000000
0.719000000000000 0.863445304506740 0.833000000000000
0.720000000000000 0.863536143651426 0.833000000000000
0.721000000000000 0.863640295801707 0.833000000000000
0.722000000000000 0.863758026058163 0.833000000000000
0.723000000000000 0.863889607038258 0.833000000000000
0.724000000000000 0.864035319156707 0.833000000000000
0.725000000000000 0.864195450918942 0.833000000000000
0.726000000000000 0.864370299228354 0.833000000000000
0.727000000000000 0.864560169708123 0.833000000000000
0.728000000000000 0.864765377038476 0.833000000000000
0.729000000000000 0.864986245310249 0.833000000000000
0.730000000000000 0.865223108395699 0.833000000000000
0.731000000000000 0.865476310337613 0.833000000000000
0.732000000000000 0.865746205757758 0.833000000000000
0.733000000000000 0.866033160285875 0.833000000000000
0.734000000000000 0.866337551010435 0.833000000000000
0.735000000000000 0.866659766952504 0.833000000000000
0.736000000000000 0.867000209564141 0.833000000000000
0.737000000000000 0.867359293252870 0.833000000000000
0.738000000000000 0.867737445933854 0.833000000000000
0.739000000000000 0.868135109611578 0.833000000000000
0.740000000000000 0.868552740992893 0.833000000000000
0.741000000000000 0.868990812133511 0.833000000000000
0.742000000000000 0.869449811120133 0.833000000000000
0.743000000000000 0.869930242790577 0.833000000000000
0.744000000000000 0.870432629494502 0.833000000000000
0.745000000000000 0.870957511897446 0.833000000000000
0.746000000000000 0.871505449831195 0.833000000000000
0.747000000000000 0.872077023193702 0.833000000000000
0.748000000000000 0.872672832902044 0.833000000000000
0.749000000000000 0.873293501902214 0.833000000000000
0.750000000000000 0.873939676239830 0.833000000000000
0.751000000000000 0.874612026196222 0.833000000000000
0.752000000000000 0.875311247494739 0.833000000000000
0.753000000000000 0.876038062582505 0.833000000000000
0.754000000000000 0.876793221993369 0.833000000000000
0.755000000000000 0.877577505798265 0.833000000000000
0.756000000000000 0.878391725149772 0.833000000000000
0.757000000000000 0.879236723928302 0.833000000000000
0.758000000000000 0.880113380498007 0.833000000000000
0.759000000000000 0.881022609581291 0.833000000000000
0.760000000000000 0.881965364261622 0.833000000000000
0.761000000000000 0.882942638125319 0.833000000000000
0.762000000000000 0.883955467553994 0.833000000000000
0.763000000000000 0.885004934180533 0.833000000000000
0.764000000000000 0.886092167522758 0.833000000000000
0.765000000000000 0.887218347810399 0.833000000000000
0.766000000000000 0.888384709022592 0.833000000000000
0.767000000000000 0.889592542154980 0.833000000000000
0.768000000000000 0.890843198737473 0.833000000000000
0.769000000000000 0.892138094626072 0.833000000000000
0.770000000000000 0.893478714094721 0.833000000000000
0.771000000000000 0.894866614256041 0.833000000000000
0.772000000000000 0.896303429843147 0.833000000000000
0.773000000000000 0.897790878388399 0.833000000000000
0.774000000000000 0.899330765839267 0.833000000000000
0.775000000000000 0.900924992656161 0.833000000000000
0.776000000000000 0.902575560442705 0.833000000000000
0.777000000000000 0.904284579165074 0.833000000000000
0.778000000000000 0.906054275024206 0.833000000000000
0.779000000000000 0.907886999052899 0.833000000000000
0.780000000000000 0.909785236519275 0.833000000000000
0.781000000000000 0.911751617228869 0.833000000000000
0.782000000000000 0.913788926830272 0.833000000000000
0.783000000000000 0.915900119243709 0.833000000000000
0.784000000000000 0.918088330348918 0.833000000000000
0.785000000000000 0.920356893088302 0.833000000000000
0.786000000000000 0.922709354164402 0.833000000000000
0.787000000000000 0.925149492537710 0.833000000000000
0.788000000000000 0.927681339962434 0.833000000000000
0.789000000000000 0.930309203835432 0.833000000000000
0.790000000000000 0.933037692677667 0.833000000000000
0.791000000000000 0.935871744620193 0.833000000000000
0.792000000000000 0.938816659329583 0.833000000000000
0.793000000000000 0.941878133882705 0.833000000000000
0.794000000000000 0.945062303191336 0.833000000000000
0.795000000000000 0.948375785686188 0.833000000000000
0.796000000000000 0.951825735102507 0.833000000000000
0.797000000000000 0.955419899370876 0.833000000000000
0.798000000000000 0.959166687814854 0.833000000000000
0.799000000000000 0.963075248100935 0.833000000000000
0.800000000000000 0.967155554688346 0.833000000000000
0.801000000000000 0.971418510902771 0.833000000000000
0.802000000000000 0.975876067229977 0.833000000000000
0.803000000000000 0.980541359021417 0.833000000000000
0.804000000000000 0.985428867561164 0.833000000000000
0.805000000000000 0.990554609413781 0.833000000000000
0.806000000000000 0.995936360225038 0.833000000000000
0.807000000000000 1.001593920777795 0.833000000000000
0.808000000000000 1.007549435247354 0.833000000000000
0.809000000000000 1.013827774442120 0.833000000000000
0.810000000000000 1.020457000624161 0.833000000000000
0.811000000000000 1.027468935667869 0.833000000000000
0.812000000000000 1.034899861399844 0.833000000000000
0.813000000000001 1.042791390814254 0.833000000000000
0.814000000000001 1.051191562751367 0.833000000000000
0.815000000000001 1.060156232531695 0.833000000000000
0.816000000000001 1.069750860047185 0.833000000000000
0.817000000000001 1.080053049146504 0.833000000000000
0.818000000000001 1.091154858455826 0.833000000000000
0.819000000000001 1.103168031778573 0.833000000000000
0.820000000000001 1.116229000345525 0.833000000000000
0.821000000000001 1.130507004206501 0.833000000000000
0.822000000000001 1.146215517926278 0.833000000000000
0.823000000000001 1.163629127557616 0.833000000000000
0.824000000000001 1.183109312870228 0.833000000000000
0.825000000000001 1.205145447496802 0.833000000000000
0.826000000000001 1.230423260267748 0.833000000000000
0.827000000000001 1.259946303093537 0.833000000000000
0.828000000000001 1.295268885269760 0.833000000000000
0.829000000000001 1.338991518423672 0.833000000000000
0.830000000000001 1.395980643529865 0.833000000000000
0.831000000000001 1.477134006172636 0.833000000000000
0.832000000000001 1.617090667000234 0.833000000000000
0.833000000000001 3.798471607852071 0.833000000000000
