0.975858431282330 0.463000000000000 0.833000000000000
0.976806744494853 0.464000000000000 0.833000000000000
0.977817840105988 0.465000000000000 0.833000000000000
0.978877242600377 0.466000000000000 0.833000000000000
0.979971608430380 0.467000000000000 0.833000000000000
0.981088954718869 0.468000000000000 0.833000000000000
0.982218833273571 0.469000000000000 0.833000000000000
0.983352396542404 0.470000000000000 0.833000000000000
0.984482362821361 0.471000000000000 0.833000000000000
0.985602904008832 0.472000000000000 0.833000000000000
0.986709485587227 0.473000000000000 0.833000000000000
0.987798685599416 0.474000000000000 0.833000000000000
0.988868012723011 0.475000000000000 0.833000000000000
0.989915736396510 0.476000000000000 0.833000000000000
0.990940735943734 0.477000000000000 0.833000000000000
0.991942371299325 0.478000000000000 0.833000000000000
0.992920375155346 0.479000000000000 0.833000000000000
0.993874764781400 0.480000000000000 0.833000000000000
0.994805771060785 0.481000000000000 0.833000000000000
0.995713782094804 0.482000000000000 0.833000000000000
0.996599298854278 0.483000000000000 0.833000000000000
0.997462900619877 0.484000000000000 0.833000000000000
0.998305218275567 0.485000000000000 0.833000000000000
0.999126913843332 0.486000000000000 0.833000000000000
0.999928664937965 0.487000000000000 0.833000000000000
1.000711153078857 0.488000000000000 0.833000000000000
1.001475055009159 0.489000000000000 0.833000000000000
1.002221036349321 0.490000000000000 0.833000000000000
1.002949747055180 0.491000000000000 0.833000000000000
1.003661818265287 0.492000000000000 0.833000000000000
1.004357860211158 0.493000000000000 0.833000000000000
1.005038460938010 0.494000000000000 0.833000000000000
1.005704185638364 0.495000000000000 0.833000000000000
1.006355576445146 0.496000000000000 0.833000000000000
1.006993152565529 0.497000000000000 0.833000000000000
1.007617410664128 0.498000000000000 0.833000000000000
1.008228825424247 0.499000000000000 0.833000000000000
1.008827850233114 0.500000000000000 0.833000000000000
1.009414917949007 0.501000000000000 0.833000000000000
1.009990441719159 0.502000000000000 0.833000000000000
1.010554815823552 0.503000000000000 0.833000000000000
1.011108416527183 0.504000000000000 0.833000000000000
1.011651602927073 0.505000000000000 0.833000000000000
1.012184717784578 0.506000000000000 0.833000000000000
1.012708088335465 0.507000000000000 0.833000000000000
1.013222027072987 0.508000000000000 0.833000000000000
1.013726832501714 0.509000000000000 0.833000000000000
1.014222789858352 0.510000000000000 0.833000000000000
1.014710171800075 0.511000000000000 0.833000000000000
1.015189239059731 0.512000000000000 0.833000000000000
1.015660241067120 0.513000000000000 0.833000000000000
1.016123416539225 0.514000000000000 0.833000000000000
1.016578994037412 0.515000000000000 0.833000000000000
1.017027192495172 0.516000000000000 0.833000000000000
1.017468221716471 0.517000000000000 0.833000000000000
1.017902282845905 0.518000000000000 0.833000000000000
1.018329568812898 0.519000000000000 0.833000000000000
1.018750264749852 0.520000000000000 0.833000000000000
1.019164548387577 0.521000000000000 0.833000000000000
1.019572590426926 0.522000000000000 0.833000000000000
1.019974554890363 0.523000000000000 0.833000000000000
1.020370599452499 0.524000000000000 0.833000000000000
1.020760875752651 0.525000000000000 0.833000000000000
1.021145529688806 0.526000000000000 0.833000000000000
1.021524701695723 0.527000000000000 0.833000000000000
1.021898527006712 0.528000000000000 0.833000000000000
1.022267135901077 0.529000000000000 0.833000000000000
1.022630653937812 0.530000000000000 0.833000000000000
1.022989202175764 0.531000000000000 0.833000000000000
1.023342897382572 0.532000000000000 0.833000000000000
1.023691852230932 0.533000000000000 0.833000000000000
1.024036175485444 0.534000000000000 0.833000000000000
1.024375972178360 0.535000000000000 0.833000000000000
1.024711343776165 0.536000000000000 0.833000000000000
1.025042388337786 0.537000000000000 0.833000000000000
1.025369200663411 0.538000000000000 0.833000000000000
1.025691872436389 0.539000000000000 0.833000000000000
1.026010492357341 0.540000000000000 0.833000000000000
1.026325146271061 0.541000000000000 0.833000000000000
1.026635917287587 0.542000000000000 0.833000000000000
1.026942885896408 0.543000000000000 0.833000000000000
1.027246130075121 0.544000000000000 0.833000000000000
1.027545725393011 0.545000000000000 0.833000000000000
1.027841745108794 0.546000000000000 0.833000000000000
1.028134260263943 0.547000000000000 0.833000000000000
1.028423339771606 0.548000000000000 0.833000000000000
1.028709050500712 0.549000000000000 0.833000000000000
1.028991457356240 0.550000000000000 0.833000000000000
1.029270623356059 0.551000000000000 0.833000000000000
1.029546609703297 0.552000000000000 0.833000000000000
1.029819475855958 0.553000000000000 0.833000000000000
1.030089279593160 0.554000000000000 0.833000000000000
1.030356077078081 0.555000000000000 0.833000000000000
1.030619922918253 0.556000000000000 0.833000000000000
1.030880870222842 0.557000000000000 0.833000000000000
1.031138970657872 0.558000000000000 0.833000000000000
1.031394274498216 0.559000000000000 0.833000000000000
1.031646830677837 0.560000000000000 0.833000000000000
1.031896686837707 0.561000000000000 0.833000000000000
1.032143889371469 0.562000000000000 0.833000000000000
1.032388483469203 0.563000000000000 0.833000000000000
1.032630513159271 0.564000000000000 0.833000000000000
1.032870021348627 0.565000000000000 0.833000000000000
1.033107049860930 0.566000000000000 0.833000000000000
1.033341639473433 0.567000000000000 0.833000000000000
1.033573829952157 0.568000000000000 0.833000000000000
1.033803660085870 0.569000000000000 0.833000000000000
1.034031167718191 0.570000000000000 0.833000000000000
1.034256389778800 0.571000000000000 0.833000000000000
1.034479362313155 0.572000000000000 0.833000000000000
1.034700120511253 0.573000000000000 0.833000000000000
1.034918698734883 0.574000000000000 0.833000000000000
1.035135130544157 0.575000000000000 0.833000000000000
1.035349448722651 0.576000000000000 0.833000000000000
1.035561685302017 0.577000000000000 0.833000000000000
1.035771871585148 0.578000000000000 0.833000000000000
1.035980038168773 0.579000000000000 0.833000000000000
1.036186214965071 0.580000000000000 0.833000000000000
1.036390431222422 0.581000000000000 0.833000000000000
1.036592715545665 0.582000000000000 0.833000000000000
1.036793095915115 0.583000000000000 0.833000000000000
1.036991599705249 0.584000000000000 0.833000000000000
1.037188253702563 0.585000000000000 0.833000000000000
1.037383084122781 0.586000000000000 0.833000000000000
1.037576116627609 0.587000000000000 0.833000000000000
1.037767376340479 0.588000000000000 0.833000000000000
1.037956887862156 0.589000000000000 0.833000000000000
1.038144675285527 0.590000000000000 0.833000000000000
1.038330762209959 0.591000000000000 0.833000000000000
1.038515171755286 0.592000000000000 0.833000000000000
1.038697926574984 0.593000000000000 0.833000000000000
1.038879048869108 0.594000000000000 0.833000000000000
1.039058560396811 0.595000000000000 0.833000000000000
1.039236482488312 0.596000000000000 0.833000000000000
1.039412836056590 0.597000000000000 0.833000000000000
1.039587641608560 0.598000000000000 0.833000000000000
1.039760919255900 0.599000000000000 0.833000000000000
1.039932688725571 0.600000000000000 0.833000000000000
1.040102969369949 0.601000000000000 0.833000000000000
1.040271780176620 0.602000000000000 0.833000000000000
1.040439139777954 0.603000000000000 0.833000000000000
1.040605066460187 0.604000000000000 0.833000000000000
1.040769578172275 0.605000000000000 0.833000000000000
1.040932692534606 0.606000000000000 0.833000000000000
1.041094426847238 0.607000000000000 0.833000000000000
1.041254798097943 0.608000000000000 0.833000000000000
1.041413822970183 0.609000000000000 0.833000000000000
1.041571517850430 0.610000000000000 0.833000000000000
1.041727898835638 0.611000000000000 0.833000000000000
1.041882981740307 0.612000000000000 0.833000000000000
1.042036782103357 0.613000000000000 0.833000000000000
1.042189315194809 0.614000000000000 0.833000000000000
1.042340596022284 0.615000000000000 0.833000000000000
1.042490639337247 0.616000000000000 0.833000000000000
1.042639459641053 0.617000000000000 0.833000000000000
1.042787071190916 0.618000000000000 0.833000000000000
1.042933488005600 0.619000000000000 0.833000000000000
1.043078723871010 0.620000000000000 0.833000000000000
1.043222792345518 0.621000000000000 0.833000000000000
1.043365706765331 0.622000000000000 0.833000000000000
1.043507480249479 0.623000000000000 0.833000000000000
1.043648125704747 0.624000000000000 0.833000000000000
1.043787655830521 0.625000000000000 0.833000000000000
1.043926083123448 0.626000000000000 0.833000000000000
1.044063419881963 0.627000000000000 0.833000000000000
1.044199678210628 0.628000000000000 0.833000000000000
1.044334870024558 0.629000000000000 0.833000000000000
1.044469007053447 0.630000000000000 0.833000000000000
1.044602100845683 0.631000000000000 0.833000000000000
1.044734162772231 0.632000000000000 0.833000000000000
1.044865204030498 0.633000000000000 0.833000000000000
1.044995235648045 0.634000000000000 0.833000000000000
1.045124268486217 0.635000000000000 0.833000000000000
1.045252313243636 0.636000000000000 0.833000000000000
1.045379380459697 0.637000000000000 0.833000000000000
1.045505480517843 0.638000000000000 0.833000000000000
1.045630623648805 0.639000000000000 0.833000000000000
1.045754819933851 0.640000000000000 0.833000000000000
1.045878079307739 0.641000000000000 0.833000000000000
1.046000411561838 0.642000000000000 0.833000000000000
1.046121826346972 0.643000000000000 0.833000000000000
1.046242333176289 0.644000000000000 0.833000000000000
1.046361941428081 0.645000000000000 0.833000000000000
1.046480660348425 0.646000000000000 0.833000000000000
1.046598499053823 0.647000000000000 0.833000000000000
1.046715466533793 0.648000000000000 0.833000000000000
1.046831571653363 0.649000000000000 0.833000000000000
1.046946823155495 0.650000000000000 0.833000000000000
1.047061229663480 0.651000000000000 0.833000000000000
1.047174799683265 0.652000000000000 0.833000000000000
1.047287541605689 0.653000000000000 0.833000000000000
1.047399463708726 0.654000000000000 0.833000000000000
1.047510574159622 0.655000000000000 0.833000000000000
1.047620881016983 0.656000000000000 0.833000000000000
1.047730392232814 0.657000000000000 0.833000000000000
1.047839115654556 0.658000000000000 0.833000000000000
1.047947059027029 0.659000000000000 0.833000000000000
1.048054229994287 0.660000000000000 0.833000000000000
1.048160636101559 0.661000000000000 0.833000000000000
1.048266284797010 0.662000000000000 0.833000000000000
1.048371183433541 0.663000000000000 0.833000000000000
1.048475339270503 0.664000000000000 0.833000000000000
1.048578759475396 0.665000000000000 0.833000000000000
1.048681451125523 0.666000000000000 0.833000000000000
1.048783421209589 0.667000000000000 0.833000000000000
1.048884676629293 0.668000000000000 0.833000000000000
1.048985224200878 0.669000000000000 0.833000000000000
1.049085070656603 0.670000000000000 0.833000000000000
1.049184222646248 0.671000000000000 0.833000000000000
1.049282686738535 0.672000000000000 0.833000000000000
1.049380469422519 0.673000000000000 0.833000000000000
1.049477577109019 0.674000000000000 0.833000000000000
1.049574016131901 0.675000000000000 0.833000000000000
1.049669792749407 0.676000000000000 0.833000000000000
1.049764913145441 0.677000000000000 0.833000000000000
1.049859383430846 0.678000000000000 0.833000000000000
1.049953209644580 0.679000000000000 0.833000000000000
1.050046397754991 0.680000000000000 0.833000000000000
1.050138953660925 0.681000000000000 0.833000000000000
1.050230883192923 0.682000000000000 0.833000000000000
1.050322192114307 0.683000000000000 0.833000000000000
1.050412886122289 0.684000000000000 0.833000000000000
1.050502970849106 0.685000000000000 0.833000000000000
1.050592451862999 0.686000000000000 0.833000000000000
1.050681334669260 0.687000000000000 0.833000000000000
1.050769624711273 0.688000000000000 0.833000000000000
1.050857327371462 0.689000000000000 0.833000000000000
1.050944447972291 0.690000000000000 0.833000000000000
1.051030991777187 0.691000000000000 0.833000000000000
1.051116963991451 0.692000000000000 0.833000000000000
1.051202369763363 0.693000000000000 0.833000000000000
1.051287214184667 0.694000000000000 0.833000000000000
1.051371502291760 0.695000000000000 0.833000000000000
