0.975000000000000 0.462014134510560 0.833000000000000
0.974000000000000 0.460697846467325 0.833000000000000
0.973000000000000 0.458933434982070 0.833000000000000
0.972000000000000 0.464330296412413 0.833000000000000
0.971000000000000 0.467850746229596 0.833000000000000
0.970000000000000 0.470794342479986 0.833000000000000
0.969000000000000 0.473451060904190 0.833000000000000
0.968000000000000 0.475927718351598 0.833000000000000
0.967000000000000 0.478278600240552 0.833000000000000
0.966000000000000 0.480536092750030 0.833000000000000
0.965000000000000 0.482721555058363 0.833000000000000
0.964000000000000 0.484850060642117 0.833000000000000
0.963000000000000 0.486932830266852 0.833000000000000
0.962000000000000 0.488978559599034 0.833000000000000
0.961000000000000 0.490994219413227 0.833000000000000
0.960000000000000 0.492985561905268 0.833000000000000
0.959000000000000 0.494957456598418 0.833000000000000
0.958000000000000 0.496914122347020 0.833000000000000
0.957000000000000 0.498859293399806 0.833000000000000
0.956000000000000 0.500796342271372 0.833000000000000
0.955000000000000 0.502728373632147 0.833000000000000
0.954000000000000 0.504658298441742 0.833000000000000
0.953000000000000 0.506588894533029 0.833000000000000
0.952000000000000 0.508522857984548 0.833000000000000
0.951000000000000 0.510462848438700 0.833000000000000
0.950000000000000 0.512411530779679 0.833000000000000
0.949000000000000 0.514371615126236 0.833000000000000
0.948000000000000 0.516345896834886 0.833000000000000
0.947000000000000 0.518337298097759 0.833000000000000
0.946000000000000 0.520348912729228 0.833000000000000
0.945000000000000 0.522384055856233 0.833000000000000
0.944000000000000 0.524446320460763 0.833000000000000
0.943000000000000 0.526539643071472 0.833000000000000
0.942000000000000 0.528668381395129 0.833000000000000
0.941000000000000 0.530837407318125 0.833000000000000
0.940000000000000 0.533052219522055 0.833000000000000
0.939000000000000 0.535319080916046 0.833000000000000
0.938000000000000 0.537645187108704 0.833000000000000
0.937000000000000 0.540038872933276 0.833000000000000
0.936000000000000 0.542509863882834 0.833000000000000
0.935000000000000 0.545069576481897 0.833000000000000
0.934000000000000 0.547731462137575 0.833000000000000
0.933000000000000 0.550511363885162 0.833000000000000
0.932000000000000 0.553427794761234 0.833000000000000
0.931000000000000 0.556501907743639 0.833000000000000
0.930000000000000 0.559756626538267 0.833000000000000
0.929000000000000 0.563213812339772 0.833000000000000
0.928000000000000 0.566887395931696 0.833000000000000
0.927000000000000 0.570769781628635 0.833000000000000
0.926000000000000 0.574811660271928 0.833000000000000
0.925000000000000 0.578907041485552 0.833000000000000
0.924000000000000 0.582908919180055 0.833000000000000
0.923000000000000 0.586681944119625 0.833000000000000
0.922000000000000 0.590149781582096 0.833000000000000
0.921000000000000 0.593299079767269 0.833000000000000
0.920000000000000 0.596154676078005 0.833000000000000
0.919000000000000 0.598755365443342 0.833000000000000
0.918000000000000 0.601140451189723 0.833000000000000
0.917000000000000 0.603344547246021 0.833000000000000
0.916000000000000 0.605396468364867 0.833000000000000
0.915000000000000 0.607319688346969 0.833000000000000
0.914000000000000 0.609133226934941 0.833000000000000
0.913000000000000 0.610852533662708 0.833000000000000
0.912000000000000 0.612490237771856 0.833000000000000
0.911000000000000 0.614056746542066 0.833000000000000
0.910000000000000 0.615560710843913 0.833000000000000
0.909000000000000 0.617009384282290 0.833000000000000
0.908000000000000 0.618408900173516 0.833000000000000
0.907000000000000 0.619764486028336 0.833000000000000
0.906000000000000 0.621080630702770 0.833000000000000
0.905000000000000 0.622361215647330 0.833000000000000
0.904000000000000 0.623609618797037 0.833000000000000
0.903000000000000 0.624828797479832 0.833000000000000
0.902000000000000 0.626021355114545 0.833000000000000
0.901000000000000 0.627189595290734 0.833000000000000
0.900000000000000 0.628335565948584 0.833000000000000
0.899000000000000 0.629461095730871 0.833000000000000
0.898000000000000 0.630567824100060 0.833000000000000
0.897000000000000 0.631657226452539 0.833000000000000
0.896000000000000 0.632730635188671 0.833000000000000
0.895000000000000 0.633789257495000 0.833000000000000
0.894000000000000 0.634834190433315 0.833000000000000
0.893000000000000 0.635866433811515 0.833000000000000
0.892000000000000 0.636886901216952 0.833000000000000
0.891000000000000 0.637896429518447 0.833000000000000
0.890000000000000 0.638895787086099 0.833000000000000
0.889000000000000 0.639885680931513 0.833000000000000
0.888000000000000 0.640866762935085 0.833000000000000
0.887000000000000 0.641839635297759 0.833000000000000
0.886000000000000 0.642804855330501 0.833000000000000
0.885000000000000 0.643762939676859 0.833000000000000
0.884000000000000 0.644714368047596 0.833000000000000
0.883000000000000 0.645659586533803 0.833000000000000
0.882000000000000 0.646599010554877 0.833000000000000
0.881000000000000 0.647533027489358 0.833000000000000
0.880000000000000 0.648461999028146 0.833000000000000
0.879000000000000 0.649386263285758 0.833000000000000
0.878000000000000 0.650306136698492 0.833000000000000
0.877000000000000 0.651221915735142 0.833000000000000
0.876000000000000 0.652133878442517 0.833000000000000
0.875000000000000 0.653042285844339 0.833000000000000
0.874000000000000 0.653947383210087 0.833000000000000
0.873000000000000 0.654849401208542 0.833000000000000
0.872000000000000 0.655748556957746 0.833000000000000
0.871000000000000 0.656645054983262 0.833000000000000
0.870000000000000 0.657539088093677 0.833000000000000
0.869000000000000 0.658430838181943 0.833000000000000
0.868000000000000 0.659320476960226 0.833000000000000
0.867000000000000 0.660208166634621 0.833000000000000
0.866000000000000 0.661094060525659 0.833000000000000
0.865000000000000 0.661978303639699 0.833000000000000
0.864000000000000 0.662861033195997 0.833000000000000
0.863000000000000 0.663742379113391 0.833000000000000
0.862000000000000 0.664622464460200 0.833000000000000
0.861000000000000 0.665501405870975 0.833000000000000
0.860000000000000 0.666379313932468 0.833000000000000
0.859000000000000 0.667256293542124 0.833000000000000
0.858000000000000 0.668132444240906 0.833000000000000
0.857000000000000 0.669007860522844 0.833000000000000
0.856000000000000 0.669882632123355 0.833000000000000
0.855000000000000 0.670756844287847 0.833000000000000
0.854000000000000 0.671630578022145 0.833000000000000
0.853000000000000 0.672503910326658 0.833000000000000
0.852000000000000 0.673376914414901 0.833000000000000
0.851000000000000 0.674249659917935 0.833000000000000
0.850000000000000 0.675122213076099 0.833000000000000
0.849000000000000 0.675994636918152 0.833000000000000
0.848000000000000 0.676866991429717 0.833000000000000
0.847000000000000 0.677739333711027 0.833000000000000
0.846000000000000 0.678611718125339 0.833000000000000
0.845000000000000 0.679484196438202 0.833000000000000
0.844000000000000 0.680356817948621 0.833000000000000
0.843000000000000 0.681229629612440 0.833000000000000
0.842000000000000 0.682102676158567 0.833000000000000
0.841000000000000 0.682976000198420 0.833000000000000
0.840000000000000 0.683849642329362 0.833000000000000
0.839000000000000 0.684723641232073 0.833000000000000
0.838000000000000 0.685598033762637 0.833000000000000
0.837000000000000 0.686472855039531 0.833000000000000
0.836000000000000 0.687348138525797 0.833000000000000
0.835000000000000 0.688223916106866 0.833000000000000
0.834000000000000 0.689100218164034 0.833000000000000
0.833000000000000 0.689977073644341 0.833000000000000
0.832000000000000 0.690854510126406 0.833000000000000
0.831000000000000 0.691732553883207 0.833000000000000
0.830000000000000 0.692611229941200 0.833000000000000
0.829000000000000 0.693490562136895 0.833000000000000
0.828000000000000 0.694370573170071 0.833000000000000
0.827000000000000 0.695251284654769 0.833000000000000
0.826000000000000 0.696132717167363 0.833000000000000
0.825000000000000 0.697014890292453 0.833000000000000
0.824000000000000 0.697897822666592 0.833000000000000
0.823000000000000 0.698781532019547 0.833000000000000
0.822000000000000 0.699666035213994 0.833000000000000
0.821000000000000 0.700551348282978 0.833000000000000
0.820000000000000 0.701437486465825 0.833000000000000
0.819000000000000 0.702324464242143 0.833000000000000
0.818000000000000 0.703212295364475 0.833000000000000
0.817000000000000 0.704100992889208 0.833000000000000
0.816000000000000 0.704990569206302 0.833000000000000
0.815000000000000 0.705881036067282 0.833000000000000
0.814000000000000 0.706772404612532 0.833000000000000
0.813000000000000 0.707664685396754 0.833000000000000
0.812000000000000 0.708557888413736 0.833000000000000
0.811000000000000 0.709452023119712 0.833000000000000
0.810000000000000 0.710347098455909 0.833000000000000
0.809000000000000 0.711243122870075 0.833000000000000
0.808000000000000 0.712140104336877 0.833000000000000
0.807000000000000 0.713038050377762 0.833000000000000
0.806000000000000 0.713936968079561 0.833000000000000
0.805000000000000 0.714836864112654 0.833000000000000
0.804000000000000 0.715737744748159 0.833000000000000
0.803000000000000 0.716639615874496 0.833000000000000
0.802000000000000 0.717542483013117 0.833000000000000
0.801000000000000 0.718446351333840 0.833000000000000
0.800000000000000 0.719351225669335 0.833000000000000
0.799000000000000 0.720257110529022 0.833000000000000
0.798000000000000 0.721164010112513 0.833000000000000
0.797000000000000 0.722071928322500 0.833000000000000
0.796000000000000 0.722980868776959 0.833000000000000
0.795000000000000 0.723890834821096 0.833000000000000
0.794000000000000 0.724801829538705 0.833000000000000
0.793000000000000 0.725713855762999 0.833000000000000
0.792000000000000 0.726626916087197 0.833000000000000
0.791000000000000 0.727541012874494 0.833000000000000
0.790000000000000 0.728456148267891 0.833000000000000
0.789000000000000 0.729372324199345 0.833000000000000
0.788000000000000 0.730289542398847 0.833000000000000
0.787000000000000 0.731207804402965 0.833000000000000
0.786000000000000 0.732127111563171 0.833000000000000
0.785000000000000 0.733047465053792 0.833000000000000
0.784000000000000 0.733968865879698 0.833000000000000
0.783000000000000 0.734891314883645 0.833000000000000
0.782000000000000 0.735814812753428 0.833000000000000
0.781000000000000 0.736739360028775 0.833000000000000
0.780000000000000 0.737664957107860 0.833000000000000
0.779000000000000 0.738591604253658 0.833000000000000
0.778000000000000 0.739519301600208 0.833000000000000
0.777000000000000 0.740448049158315 0.833000000000000
0.776000000000000 0.741377846821486 0.833000000000000
0.775000000000000 0.742308694371106 0.833000000000000
0.774000000000000 0.743240591482083 0.833000000000000
0.773000000000000 0.744173537727682 0.833000000000000
0.772000000000000 0.745107532584582 0.833000000000000
0.771000000000000 0.746042575437648 0.833000000000000
0.770000000000000 0.746978665584400 0.833000000000000
0.769000000000000 0.747915802239632 0.833000000000000
0.768000000000000 0.748853984539442 0.833000000000000
0.767000000000000 0.749793211545628 0.833000000000000
0.766000000000000 0.750733482249502 0.833000000000000
0.765000000000000 0.751674795575782 0.833000000000000
0.764000000000000 0.752617150386437 0.833000000000000
0.763000000000000 0.753560545484026 0.833000000000000
0.762000000000000 0.754504979615520 0.833000000000000
0.761000000000000 0.755450451475295 0.833000000000000
0.760000000000000 0.756396959708770 0.833000000000000
0.759000000000000 0.757344502915289 0.833000000000000
0.758000000000000 0.758293079651183 0.833000000000000
0.757000000000000 0.759242688432893 0.833000000000000
0.756000000000000 0.760193327739650 0.833000000000000
0.755000000000000 0.761144996016254 0.833000000000000
0.754000000000000 0.762097691675902 0.833000000000000
0.753000000000000 0.763051413102531 0.833000000000000
0.752000000000000 0.764006158653574 0.833000000000000
0.751000000000000 0.764961926662187 0.833000000000000
0.750000000000000 0.765918715439723 0.833000000000000
0.749000000000000 0.766876523277986 0.833000000000000
0.748000000000000 0.767835348451415 0.833000000000000
0.747000000000000 0.768795189219284 0.833000000000000
0.746000000000000 0.769756043827682 0.833000000000000
0.745000000000000 0.770717910511650 0.833000000000000
0.744000000000000 0.771680787497072 0.833000000000000
0.743000000000000 0.772644673002562 0.833000000000000
0.742000000000000 0.773609565241393 0.833000000000000
0.741000000000000 0.774575462423162 0.833000000000000
0.740000000000000 0.775542362755630 0.833000000000000
0.739000000000000 0.776510264446399 0.833000000000000
0.738000000000000 0.777479165704497 0.833000000000000
0.737000000000000 0.778449064742031 0.833000000000000
0.736000000000000 0.779419959775786 0.833000000000000
0.735000000000000 0.780391849028585 0.833000000000000
0.734000000000000 0.781364730730914 0.833000000000000
0.733000000000000 0.782338603122256 0.833000000000000
0.732000000000000 0.783313464452552 0.833000000000000
0.731000000000000 0.784289312983548 0.833000000000000
0.730000000000000 0.785266146990052 0.833000000000000
0.729000000000000 0.786243964761299 0.833000000000000
0.728000000000000 0.787222764602250 0.833000000000000
0.727000000000000 0.788202544834581 0.833000000000000
0.726000000000000 0.789183303798275 0.833000000000000
0.725000000000000 0.790165039852511 0.833000000000000
0.724000000000000 0.791147751376711 0.833000000000000
0.723000000000000 0.792131436772090 0.833000000000000
0.722000000000000 0.793116094462279 0.833000000000000
0.721000000000000 0.794101722894709 0.833000000000000
0.720000000000000 0.795088320541548 0.833000000000000
0.719000000000000 0.796075885900639 0.833000000000000
0.718000000000000 0.797064417496704 0.833000000000000
0.717000000000000 0.798053913882252 0.833000000000000
0.716000000000000 0.799044373638315 0.833000000000000
0.715000000000000 0.800035795375893 0.833000000000000
0.714000000000000 0.801028177736434 0.833000000000000
0.713000000000000 0.802021519392888 0.833000000000000
0.712000000000000 0.803015819050812 0.833000000000000
0.711000000000000 0.804011075448950 0.833000000000000
0.710000000000000 0.805007287360258 0.833000000000000
0.709000000000000 0.806004453592907 0.833000000000000
0.708000000000000 0.807002572990812 0.833000000000000
0.707000000000000 0.808001644434759 0.833000000000000
0.706000000000000 0.809001666843171 0.833000000000000
0.705000000000000 0.810002639172747 0.833000000000000
0.704000000000000 0.811004560419546 0.833000000000000
0.703000000000000 0.812007429619725 0.833000000000000
0.702000000000000 0.813011245850102 0.833000000000000
0.701000000000000 0.814016008229241 0.833000000000000
0.700000000000000 0.815021715918203 0.833000000000000
0.699000000000000 0.816028368121077 0.833000000000000
0.698000000000000 0.817035964086056 0.833000000000000
0.697000000000000 0.818044503106122 0.833000000000000
0.696000000000000 0.819053984519622 0.833000000000000
0.695000000000000 0.820064407711426 0.833000000000000
0.694000000000000 0.821075772113305 0.833000000000000
0.693000000000000 0.822088077204875 0.833000000000000
0.692000000000000 0.823101322514473 0.833000000000000
0.691000000000000 0.824115507619645 0.833000000000000
0.690000000000000 0.825130632148131 0.833000000000000
0.689000000000000 0.826146695778640 0.833000000000000
0.688000000000000 0.827163698241393 0.833000000000000
0.687000000000000 0.828181639319176 0.833000000000000
0.686000000000000 0.829200518848012 0.833000000000000
0.685000000000000 0.830220336717758 0.833000000000000
0.684000000000000 0.831241092873211 0.833000000000000
0.683000000000000 0.832262787314750 0.833000000000000
0.682000000000000 0.833285420098965 0.833000000000000
0.681000000000000 0.834308991339705 0.833000000000000
0.680000000000000 0.835333501208956 0.833000000000000
0.679000000000000 0.836358949937169 0.833000000000000
0.678000000000000 0.837385337814678 0.833000000000000
0.677000000000000 0.838412665192275 0.833000000000000
0.676000000000000 0.839440932481847 0.833000000000000
0.675000000000000 0.840470140157611 0.833000000000000
0.674000000000000 0.841500288756849 0.833000000000000
0.673000000000000 0.842531378880565 0.833000000000000
0.672000000000000 0.843563411194656 0.833000000000000
0.671000000000000 0.844596386430825 0.833000000000000
0.670000000000000 0.845630305387127 0.833000000000000
0.669000000000000 0.846665168929347 0.833000000000000
0.668000000000000 0.847700977991845 0.833000000000000
0.667000000000000 0.848737733578149 0.833000000000000
0.666000000000000 0.849775436762428 0.833000000000000
0.665000000000000 0.850814088690368 0.833000000000000
0.664000000000000 0.851853690579770 0.833000000000000
0.663000000000000 0.852894243722263 0.833000000000000
0.662000000000000 0.853935749483871 0.833000000000000
0.661000000000000 0.854978209306147 0.833000000000000
0.660000000000000 0.856021624707500 0.833000000000000
0.659000000000000 0.857065997284170 0.833000000000000
0.658000000000000 0.858111328711189 0.833000000000000
0.657000000000000 0.859157620743910 0.833000000000000
0.656000000000000 0.860204875219075 0.833000000000000
0.655000000000000 0.861253094055696 0.833000000000000
0.654000000000000 0.862302279256858 0.833000000000000
0.653000000000000 0.863352432910684 0.833000000000000
0.652000000000000 0.864403557191480 0.833000000000000
0.651000000000000 0.865455654361526 0.833000000000000
0.650000000000000 0.866508726772103 0.833000000000000
0.649000000000000 0.867562776864767 0.833000000000000
0.648000000000000 0.868617807173347 0.833000000000000
0.647000000000000 0.869673820324876 0.833000000000000
0.646000000000000 0.870730819041080 0.833000000000000
0.645000000000000 0.871788806140474 0.833000000000000
0.644000000000000 0.872847784539415 0.833000000000000
0.643000000000000 0.873907757253752 0.833000000000000
0.642000000000000 0.874968727400921 0.833000000000000
0.641000000000000 0.876030698201173 0.833000000000000
0.640000000000000 0.877093672979473 0.833000000000000
0.639000000000000 0.878157655167456 0.833000000000000
0.638000000000000 0.879222648305229 0.833000000000000
0.637000000000000 0.880288656042826 0.833000000000000
0.636000000000000 0.881355682142933 0.833000000000000
0.635000000000000 0.882423730482362 0.833000000000000
0.634000000000000 0.883492805054025 0.833000000000000
0.633000000000000 0.884562909969442 0.833000000000000
0.632000000000000 0.885634049460747 0.833000000000000
0.631000000000000 0.886706227882622 0.833000000000000
0.630000000000000 0.887779449715159 0.833000000000000
0.629000000000000 0.888853719565806 0.833000000000000
0.628000000000000 0.889929042171785 0.833000000000000
0.627000000000000 0.891005422402937 0.833000000000000
0.626000000000000 0.892082865264013 0.833000000000000
0.625000000000000 0.893161375897176 0.833000000000000
0.624000000000000 0.894240959585289 0.833000000000000
0.623000000000000 0.895321621754176 0.833000000000000
0.622000000000000 0.896403367975650 0.833000000000000
0.621000000000000 0.897486203970747 0.833000000000000
0.620000000000000 0.898570135644078 0.833000000000000
0.619000000000000 0.899655168962291 0.833000000000000
0.618000000000000 0.900741310142396 0.833000000000000
0.617000000000000 0.901828565533241 0.833000000000000
0.616000000000000 0.902916941648753 0.833000000000000
0.615000000000000 0.904006445172188 0.833000000000000
0.614000000000000 0.905097082959222 0.833000000000000
0.613000000000000 0.906188862041920 0.833000000000000
0.612000000000000 0.907281789632909 0.833000000000000
0.611000000000000 0.908375873129123 0.833000000000000
0.610000000000000 0.909471120116041 0.833000000000000
0.609000000000000 0.910567538372316 0.833000000000000
0.608000000000000 0.911665135873892 0.833000000000000
0.607000000000000 0.912763920798577 0.833000000000000
0.606000000000000 0.913863901531308 0.833000000000000
0.605000000000000 0.914965086668496 0.833000000000000
0.604000000000000 0.916067485023367 0.833000000000000
0.603000000000000 0.917171105631479 0.833000000000000
0.602000000000000 0.918275957755687 0.833000000000000
0.601000000000000 0.919382050892008 0.833000000000000
0.600000000000000 0.920489394775784 0.833000000000000
0.599000000000000 0.921597999387029 0.833000000000000
0.598000000000000 0.922707874957180 0.833000000000000
0.597000000000000 0.923819031975618 0.833000000000000
0.596000000000000 0.924931481195902 0.833000000000000
0.595000000000000 0.926045233643163 0.833000000000000
0.594000000000000 0.927160300621231 0.833000000000000
0.593000000000000 0.928276693719736 0.833000000000000
0.592000000000000 0.929394424822241 0.833000000000000
0.591000000000000 0.930513506114299 0.833000000000000
0.590000000000000 0.931633950091209 0.833000000000000
0.589000000000000 0.932755769567291 0.833000000000000
0.588000000000000 0.933878977684697 0.833000000000000
0.587000000000000 0.935003587922142 0.833000000000000
0.586000000000000 0.936129614105361 0.833000000000000
0.585000000000000 0.937257070416919 0.833000000000000
0.584000000000000 0.938385971406029 0.833000000000000
0.583000000000000 0.939516332000225 0.833000000000000
0.582000000000000 0.940648167516309 0.833000000000000
0.581000000000000 0.941781493671637 0.833000000000000
0.580000000000000 0.942916326597222 0.833000000000000
0.579000000000000 0.944052682849477 0.833000000000000
0.578000000000000 0.945190579423973 0.833000000000000
0.577000000000000 0.946330033769367 0.833000000000000
0.576000000000000 0.947471063800816 0.833000000000000
0.575000000000000 0.948613687916060 0.833000000000000
0.574000000000000 0.949757925010367 0.833000000000000
0.573000000000000 0.950903794492653 0.833000000000000
0.572000000000000 0.952051316302909 0.833000000000000
0.571000000000000 0.953200510929592 0.833000000000000
0.570000000000000 0.954351399427815 0.833000000000000
0.569000000000000 0.955504003439441 0.833000000000000
0.568000000000000 0.956658345212380 0.833000000000000
0.567000000000000 0.957814447622082 0.833000000000000
0.566000000000000 0.958972334193791 0.833000000000000
0.565000000000000 0.960132029124896 0.833000000000000
0.564000000000000 0.961293557309726 0.833000000000000
0.563000000000000 0.962456944364818 0.833000000000000
0.562000000000000 0.963622216654587 0.833000000000000
0.561000000000000 0.964789401320284 0.833000000000000
0.560000000000000 0.965958526308075 0.833000000000000
0.559000000000000 0.967129620400008 0.833000000000000
0.558000000000000 0.968302713246392 0.833000000000000
0.557000000000000 0.969477835398554 0.833000000000000
0.556000000000000 0.970655018345097 0.833000000000000
0.555000000000000 0.971834294548986 0.833000000000000
0.554000000000000 0.973015697485671 0.833000000000000
0.553000000000000 0.974199261685747 0.833000000000000
0.552000000000000 0.975385022777203 0.833000000000000
0.551000000000000 0.976573017531353 0.833000000000000
0.550000000000000 0.977763283911662 0.833000000000000
0.549000000000000 0.978955861123208 0.833000000000000
0.548000000000000 0.980150789667761 0.833000000000000
0.547000000000000 0.981348111399400 0.833000000000000
0.546000000000000 0.982547869584799 0.833000000000000
0.545000000000000 0.983750108966764 0.833000000000000
0.544000000000000 0.984954875830538 0.833000000000000
0.543000000000000 0.986162218075761 0.833000000000000
0.542000000000000 0.987372185290811 0.833000000000000
0.541000000000000 0.988584828832985 0.833000000000000
0.540000000000000 0.989800201913797 0.833000000000000
0.539000000000000 0.991018359687454 0.833000000000000
0.538000000000000 0.992239359348423 0.833000000000000
0.537000000000000 0.993463260231494 0.833000000000000
0.536000000000000 0.994690123921437 0.833000000000000
0.535000000000000 0.995920014368083 0.833000000000000
0.534000000000000 0.997152998009201 0.833000000000000
0.533000000000000 0.998389143903174 0.833000000000000
0.532000000000000 0.999628523868225 0.833000000000000
0.531000000000000 1.000871212634526 0.833000000000000
0.530000000000000 1.002117288004039 0.833000000000000
0.529000000000000 1.003366831024276 0.833000000000000
0.528000000000000 1.004619926173083 0.833000000000000
0.527000000000000 1.005876661557966 0.833000000000000
0.526000000000000 1.007137129131380 0.833000000000000
0.525000000000000 1.008401424919374 0.833000000000000
0.524000000000000 1.009669649272896 0.833000000000000
0.523000000000000 1.010941907134134 0.833000000000000
0.522000000000000 1.012218308328720 0.833000000000000
0.521000000000000 1.013498967878090 0.833000000000000
0.520000000000000 1.014784006341794 0.833000000000000
0.519000000000000 1.016073550185671 0.833000000000000
0.518000000000000 1.017367732184771 0.833000000000000
0.517000000000000 1.018666691859957 0.833000000000000
0.516000000000000 1.019970575955631 0.833000000000000
0.515000000000000 1.021279538960204 0.833000000000000
0.514000000000000 1.022593743676895 0.833000000000000
0.513000000000000 1.023913361847994 0.833000000000000
0.512000000000000 1.025238574841797 0.833000000000000
0.511000000000000 1.026569574407521 0.833000000000000
0.510000000000000 1.027906563508446 0.833000000000000
0.509000000000000 1.029249757241516 0.833000000000000
0.508000000000000 1.030599383857554 0.833000000000000
0.507000000000000 1.031955685890981 0.833000000000000
0.506000000000000 1.033318921420532 0.833000000000000
0.505000000000000 1.034689365471710 0.833000000000000
0.504000000000000 1.036067311589771 0.833000000000000
0.503000000000000 1.037453073599875 0.833000000000000
0.502000000000000 1.038846987592322 0.833000000000000
0.501000000000000 1.040249414158510 0.833000000000000
0.500000000000000 1.041660740926119 0.833000000000000
0.499000000000000 1.043081385439476 0.833000000000000
0.498000000000000 1.044511798442699 0.833000000000000
0.497000000000000 1.045952467642968 0.833000000000000
0.496000000000000 1.047403922032861 0.833000000000000
0.495000000000000 1.048866736885878 0.833000000000000
0.494000000000000 1.050341539552908 0.833000000000000
0.493000000000000 1.051829016219053 0.833000000000000
0.492000000000000 1.053329919830217 0.833000000000000
0.491000000000000 1.054845079439924 0.833000000000000
0.490000000000000 1.056375411299802 0.833000000000000
0.489000000000000 1.057921932112430 0.833000000000000
0.488000000000000 1.059485774980147 0.833000000000000
0.487000000000000 1.061068208749090 0.833000000000000
0.486000000000000 1.062670661679249 0.833000000000000
0.485000000000000 1.064294750679816 0.833000000000000
0.484000000000000 1.065942317793644 0.833000000000000
0.483000000000000 1.067615476252689 0.833000000000000
0.482000000000000 1.069316669361361 0.833000000000000
0.481000000000000 1.071048746853860 0.833000000000000
0.480000000000000 1.072815065505355 0.833000000000000
0.479000000000000 1.074619624115280 0.833000000000000
0.478000000000000 1.076467248383656 0.833000000000000
0.477000000000000 1.078363850223160 0.833000000000000
0.476000000000000 1.080316802153958 0.833000000000000
0.475000000000000 1.082335493327235 0.833000000000000
0.474000000000000 1.084432195328275 0.833000000000000
0.473000000000000 1.086623467405772 0.833000000000000
0.472000000000000 1.088932588960726 0.833000000000000
0.471000000000000 1.091394113552110 0.833000000000000
0.470000000000000 1.094063366835424 0.833000000000000
0.469000000000000 1.097039628238684 0.833000000000000
0.468000000000000 1.100539329215154 0.833000000000000
0.467000000000000 1.105299124142033 0.833000000000000
