0.975000000000000 0.537008815143388 0.833000000000000
0.976000000000000 0.536516495264426 0.833000000000000
0.977000000000000 0.536057582808037 0.833000000000000
0.978000000000000 0.535632277737509 0.833000000000000
0.979000000000000 0.535240831865388 0.833000000000000
0.980000000000000 0.534883548206094 0.833000000000000
0.981000000000000 0.534560780540387 0.833000000000000
0.982000000000000 0.534272933178196 0.833000000000000
0.983000000000000 0.534020460914490 0.833000000000000
0.984000000000000 0.533803869173447 0.833000000000000
0.985000000000000 0.533623714336487 0.833000000000000
0.986000000000000 0.533480604251956 0.833000000000000
0.987000000000000 0.533375198923921 0.833000000000000
0.988000000000000 0.533308211379810 0.833000000000000
0.989000000000000 0.533280408866053 0.833000000000000
0.990000000000000 0.533292613521578 0.833000000000000
0.991000000000000 0.533345704569516 0.833000000000000
0.992000000000000 0.533440619424816 0.833000000000000
0.993000000000000 0.533578355603311 0.833000000000000
0.994000000000000 0.533759972715359 0.833000000000000
0.995000000000000 0.533986594668258 0.833000000000000
0.996000000000000 0.534259412089210 0.833000000000000
0.997000000000000 0.534579684980704 0.833000000000000
0.998000000000000 0.534948745622713 0.833000000000000
0.999000000000000 0.535368001739552 0.833000000000000
1.000000000000000 0.535838939950690 0.833000000000000
1.001000000000000 0.536363129528085 0.833000000000000
1.002000000000000 0.536942226486770 0.833000000000000
1.003000000000000 0.537577978038676 0.833000000000000
1.004000000000000 0.538272227443736 0.833000000000000
1.004999999999999 0.539026919299048 0.833000000000000
1.005999999999999 0.539844105309876 0.833000000000000
1.006999999999999 0.540725950596435 0.833000000000000
1.007999999999999 0.541674740595022 0.833000000000000
1.008999999999999 0.542692888622600 0.833000000000000
1.009999999999999 0.543782944184190 0.833000000000000
1.010999999999999 0.544947602113315 0.833000000000000
1.011999999999999 0.546189712651153 0.833000000000000
1.012999999999999 0.547512292584581 0.833000000000000
1.013999999999998 0.548918537583495 0.833000000000000
1.014999999999998 0.550411835899474 0.833000000000000
1.015999999999998 0.551995783613323 0.833000000000000
1.016999999999998 0.553674201651092 0.833000000000000
1.017999999999998 0.555451154822833 0.833000000000000
1.018999999999998 0.557330973183208 0.833000000000000
1.019999999999998 0.559318276063282 0.833000000000000
1.020999999999998 0.561417999203802 0.833000000000000
1.021999999999998 0.563635425383833 0.833000000000000
1.022999999999997 0.565976219323150 0.833000000000000
1.023999999999997 0.568446467302883 0.833000000000000
1.024999999999997 0.571052722488922 0.833000000000000
1.025999999999997 0.573802056882522 0.833000000000000
1.026999999999997 0.576702121095664 0.833000000000000
1.027999999999997 0.579761213395615 0.833000000000000
1.028999999999997 0.582988359778079 0.833000000000000
1.029999999999997 0.586393407213599 0.833000000000000
1.030999999999997 0.589987132947531 0.833000000000000
