0.975000000000000 0.537008815143388 0.833000000000000
0.974000000000000 0.537534395154127 0.833000000000000
0.973000000000000 0.538093141802676 0.833000000000000
0.972000000000000 0.538685016643752 0.833000000000000
0.971000000000000 0.539310037828809 0.833000000000000
0.970000000000000 0.539968281868651 0.833000000000000
0.969000000000000 0.540659885636264 0.833000000000000
0.968000000000000 0.541385048604622 0.833000000000000
0.967000000000000 0.542144035309535 0.833000000000000
0.966000000000000 0.542937178019162 0.833000000000000
0.965000000000000 0.543764879577238 0.833000000000000
0.964000000000000 0.544627616368896 0.833000000000000
0.963000000000000 0.545525941331373 0.833000000000000
0.962000000000000 0.546460486896015 0.833000000000000
0.961000000000000 0.547431967698798 0.833000000000000
0.960000000000000 0.548441182830726 0.833000000000000
0.959000000000000 0.549489017309765 0.833000000000000
0.958000000000000 0.550576442339584 0.833000000000000
0.957000000000000 0.551704513762494 0.833000000000000
0.956000000000000 0.552874367913737 0.833000000000000
0.955000000000000 0.554087213824221 0.833000000000000
0.954000000000000 0.555344320394239 0.833000000000000
0.953000000000000 0.556646996765364 0.833000000000000
0.952000000000000 0.557996563657606 0.833000000000000
0.951000000000000 0.559394312937778 0.833000000000000
0.950000000000000 0.560841452205518 0.833000000000000
0.949000000000000 0.562339030841312 0.833000000000000
0.948000000000000 0.563887843962601 0.833000000000000
0.947000000000000 0.565488311396468 0.833000000000000
0.946000000000000 0.567140330541714 0.833000000000000
0.945000000000000 0.568843105386489 0.833000000000000
0.944000000000000 0.570594959431539 0.833000000000000
0.943000000000000 0.572393147940408 0.833000000000000
0.942000000000000 0.574233694042918 0.833000000000000
0.941000000000000 0.576111281662606 0.833000000000000
0.940000000000000 0.578019242390189 0.833000000000000
0.939000000000000 0.579949668916659 0.833000000000000
0.938000000000000 0.581893671368529 0.833000000000000
0.937000000000000 0.583841765834935 0.833000000000000
0.936000000000000 0.585784353278410 0.833000000000000
0.935000000000000 0.587712222817998 0.833000000000000
0.934000000000000 0.589617006054117 0.833000000000000
0.933000000000000 0.591491521982017 0.833000000000000
0.932000000000000 0.593329979653389 0.833000000000000
0.931000000000000 0.595128037157526 0.833000000000000
0.930000000000000 0.596882740371711 0.833000000000000
0.929000000000000 0.598592377946375 0.833000000000000
0.928000000000000 0.600256290519106 0.833000000000000
0.927000000000000 0.601874665999797 0.833000000000000
0.926000000000000 0.603448343385730 0.833000000000000
0.925000000000000 0.604978638312367 0.833000000000000
0.924000000000000 0.606467196162654 0.833000000000000
0.923000000000000 0.607915873519573 0.833000000000000
0.922000000000000 0.609326645794391 0.833000000000000
0.921000000000000 0.610701537459132 0.833000000000000
0.920000000000000 0.612042570915330 0.833000000000000
0.919000000000000 0.613351730209579 0.833000000000000
0.918000000000000 0.614630936266382 0.833000000000000
0.917000000000000 0.615882030857790 0.833000000000000
0.916000000000000 0.617106767072359 0.833000000000000
0.915000000000000 0.618306804526286 0.833000000000000
0.914000000000000 0.619483707966978 0.833000000000000
0.913000000000000 0.620638948245423 0.833000000000000
0.912000000000000 0.621773904895337 0.833000000000000
0.911000000000000 0.622889869754785 0.833000000000000
0.910000000000000 0.623988051220485 0.833000000000000
0.909000000000000 0.625069578840670 0.833000000000000
0.908000000000000 0.626135508036527 0.833000000000000
0.907000000000000 0.627186824808862 0.833000000000000
0.906000000000000 0.628224450330473 0.833000000000000
0.905000000000000 0.629249245361590 0.833000000000000
0.904000000000000 0.630262014448443 0.833000000000000
0.903000000000000 0.631263509884087 0.833000000000000
0.902000000000000 0.632254435421940 0.833000000000000
0.901000000000000 0.633235449741922 0.833000000000000
0.900000000000000 0.634207169674393 0.833000000000000
0.899000000000000 0.635170173191137 0.833000000000000
0.898000000000000 0.636125002175279 0.833000000000000
0.897000000000000 0.637072164982345 0.833000000000000
0.896000000000000 0.638012138806721 0.833000000000000
0.895000000000000 0.638945371866151 0.833000000000000
0.894000000000000 0.639872285418582 0.833000000000000
0.893000000000000 0.640793275622827 0.833000000000000
0.892000000000000 0.641708715256411 0.833000000000000
0.891000000000000 0.642618955300970 0.833000000000000
0.890000000000000 0.643524326406357 0.833000000000000
0.889000000000000 0.644425140243350 0.833000000000000
0.888000000000000 0.645321690753677 0.833000000000000
0.887000000000000 0.646214255306149 0.833000000000000
0.886000000000000 0.647103095766568 0.833000000000000
0.885000000000000 0.647988459488132 0.833000000000000
0.884000000000000 0.648870580229580 0.833000000000000
0.883000000000000 0.649749679005873 0.833000000000000
0.882000000000000 0.650625964878308 0.833000000000000
0.881000000000000 0.651499635687376 0.833000000000000
0.880000000000000 0.652370878734565 0.833000000000000
0.879000000000000 0.653239871415791 0.833000000000000
0.878000000000000 0.654106781811279 0.833000000000000
0.877000000000000 0.654971769234755 0.833000000000000
0.876000000000000 0.655834984745247 0.833000000000000
0.875000000000000 0.656696571624889 0.833000000000000
0.874000000000000 0.657556665824282 0.833000000000000
0.873000000000000 0.658415396378947 0.833000000000000
0.872000000000000 0.659272885798360 0.833000000000000
0.871000000000000 0.660129250430140 0.833000000000000
0.870000000000000 0.660984600800563 0.833000000000000
0.869000000000000 0.661839041933775 0.833000000000000
0.868000000000000 0.662692673651045 0.833000000000000
0.867000000000000 0.663545590851198 0.833000000000000
0.866000000000000 0.664397883774099 0.833000000000000
0.865000000000000 0.665249638247778 0.833000000000000
0.864000000000000 0.666100935921057 0.833000000000000
0.863000000000000 0.666951854481905 0.833000000000000
0.862000000000000 0.667802467863150 0.833000000000000
0.861000000000000 0.668652846435932 0.833000000000000
0.860000000000000 0.669503057192117 0.833000000000000
0.859000000000000 0.670353163916034 0.833000000000000
0.858000000000000 0.671203227346573 0.833000000000000
0.857000000000000 0.672053305329896 0.833000000000000
0.856000000000000 0.672903452963913 0.833000000000000
0.855000000000000 0.673753722734373 0.833000000000000
0.854000000000000 0.674604164643669 0.833000000000000
0.853000000000000 0.675454826332598 0.833000000000000
0.852000000000000 0.676305753195293 0.833000000000000
0.851000000000000 0.677156988488268 0.833000000000000
0.850000000000000 0.678008573433377 0.833000000000000
0.849000000000000 0.678860547315471 0.833000000000000
0.848000000000000 0.679712947574776 0.833000000000000
0.847000000000000 0.680565809894524 0.833000000000000
0.846000000000000 0.681419168284073 0.833000000000000
0.845000000000000 0.682273055157500 0.833000000000000
0.844000000000000 0.683127501408439 0.833000000000000
0.843000000000000 0.683982536480928 0.833000000000000
0.842000000000000 0.684838188436692 0.833000000000000
0.841000000000000 0.685694484019030 0.833000000000000
0.840000000000000 0.686551448713534 0.833000000000000
0.839000000000000 0.687409106805724 0.833000000000000
0.838000000000000 0.688267481435795 0.833000000000000
0.837000000000000 0.689126594650799 0.833000000000000
0.836000000000000 0.689986467453988 0.833000000000000
0.835000000000000 0.690847119852105 0.833000000000000
0.834000000000000 0.691708570899941 0.833000000000000
0.833000000000000 0.692570838743133 0.833000000000000
0.832000000000000 0.693433940658610 0.833000000000000
0.831000000000000 0.694297893093193 0.833000000000000
0.830000000000000 0.695162711700250 0.833000000000000
0.829000000000000 0.696028411374932 0.833000000000000
0.828000000000000 0.696895006287006 0.833000000000000
0.827000000000000 0.697762509913083 0.833000000000000
0.826000000000000 0.698630935066453 0.833000000000000
0.825000000000000 0.699500293925972 0.833000000000000
0.824000000000000 0.700370598063621 0.833000000000000
0.823000000000000 0.701241858470356 0.833000000000000
0.822000000000000 0.702114085581362 0.833000000000000
0.821000000000000 0.702987289299392 0.833000000000000
0.820000000000000 0.703861479017838 0.833000000000000
0.819000000000000 0.704736663641942 0.833000000000000
0.818000000000000 0.705612851609629 0.833000000000000
0.817000000000000 0.706490050910969 0.833000000000000
0.816000000000000 0.707368269107054 0.833000000000000
0.815000000000000 0.708247513347800 0.833000000000000
0.814000000000000 0.709127790388993 0.833000000000000
0.813000000000000 0.710009106608516 0.833000000000000
0.812000000000000 0.710891468022127 0.833000000000000
0.811000000000000 0.711774880297987 0.833000000000000
0.810000000000000 0.712659348771062 0.833000000000000
0.809000000000000 0.713544878456509 0.833000000000000
0.808000000000000 0.714431474062763 0.833000000000000
0.807000000000000 0.715319140003765 0.833000000000000
0.806000000000000 0.716207880410915 0.833000000000000
0.805000000000000 0.717097699144198 0.833000000000000
0.804000000000000 0.717988599803189 0.833000000000000
0.803000000000000 0.718880585737240 0.833000000000000
0.802000000000000 0.719773660055508 0.833000000000000
0.801000000000000 0.720667825636332 0.833000000000000
0.800000000000000 0.721563085136351 0.833000000000000
0.799000000000000 0.722459440999173 0.833000000000000
0.798000000000000 0.723356895463785 0.833000000000000
0.797000000000000 0.724255450572478 0.833000000000000
0.796000000000000 0.725155108178468 0.833000000000000
0.795000000000000 0.726055869953381 0.833000000000000
0.794000000000000 0.726957737394190 0.833000000000000
0.793000000000000 0.727860711830075 0.833000000000000
0.792000000000000 0.728764794428851 0.833000000000000
0.791000000000000 0.729669986203355 0.833000000000000
0.790000000000000 0.730576288017344 0.833000000000000
0.789000000000000 0.731483700591382 0.833000000000000
0.788000000000000 0.732392224508305 0.833000000000000
0.787000000000000 0.733301860218777 0.833000000000000
0.786000000000000 0.734212608046278 0.833000000000000
0.785000000000000 0.735124468192186 0.833000000000000
0.784000000000000 0.736037440740595 0.833000000000000
0.783000000000000 0.736951525662920 0.833000000000000
0.782000000000000 0.737866722822483 0.833000000000000
0.781000000000000 0.738783031978711 0.833000000000000
0.780000000000000 0.739700452791442 0.833000000000000
0.779000000000000 0.740618984824862 0.833000000000000
0.778000000000000 0.741538627551573 0.833000000000000
0.777000000000000 0.742459380356307 0.833000000000000
0.776000000000000 0.743381242539531 0.833000000000000
0.775000000000000 0.744304213321258 0.833000000000000
0.774000000000000 0.745228291844177 0.833000000000000
0.773000000000000 0.746153477177258 0.833000000000000
0.772000000000000 0.747079768318984 0.833000000000000
0.771000000000000 0.748007164200297 0.833000000000000
0.770000000000000 0.748935663687981 0.833000000000000
0.769000000000000 0.749865265587420 0.833000000000000
0.768000000000000 0.750795968645581 0.833000000000000
0.767000000000000 0.751727771553876 0.833000000000000
0.766000000000000 0.752660672950791 0.833000000000000
0.765000000000000 0.753594671424758 0.833000000000000
0.764000000000000 0.754529765516572 0.833000000000000
0.763000000000000 0.755465953721974 0.833000000000000
0.762000000000000 0.756403234494300 0.833000000000000
0.761000000000000 0.757341606246589 0.833000000000000
0.760000000000000 0.758281067354223 0.833000000000000
0.759000000000000 0.759221616157054 0.833000000000000
0.758000000000000 0.760163250961727 0.833000000000000
0.757000000000000 0.761105970043866 0.833000000000000
0.756000000000000 0.762049771650142 0.833000000000000
0.755000000000000 0.762994654000463 0.833000000000000
0.754000000000000 0.763940615289925 0.833000000000000
0.753000000000000 0.764887653690874 0.833000000000000
0.752000000000000 0.765835767354837 0.833000000000000
0.751000000000000 0.766784954414409 0.833000000000000
0.750000000000000 0.767735212985179 0.833000000000000
0.749000000000000 0.768686541167469 0.833000000000000
0.748000000000000 0.769638937048145 0.833000000000000
0.747000000000000 0.770592398702455 0.833000000000000
0.746000000000000 0.771546924195651 0.833000000000000
0.745000000000000 0.772502511584604 0.833000000000000
0.744000000000000 0.773459158919678 0.833000000000000
0.743000000000000 0.774416864246046 0.833000000000000
0.742000000000000 0.775375625605469 0.833000000000000
0.741000000000000 0.776335441037806 0.833000000000000
0.740000000000000 0.777296308582404 0.833000000000000
0.739000000000000 0.778258226279780 0.833000000000000
0.738000000000000 0.779221192172897 0.833000000000000
0.737000000000000 0.780185204308685 0.833000000000000
0.736000000000000 0.781150260739406 0.833000000000000
0.735000000000000 0.782116359524034 0.833000000000000
0.734000000000000 0.783083498729600 0.833000000000000
0.733000000000000 0.784051676432564 0.833000000000000
0.732000000000000 0.785020890719954 0.833000000000000
0.731000000000000 0.785991139690786 0.833000000000000
0.730000000000000 0.786962421457369 0.833000000000000
0.729000000000000 0.787934734146292 0.833000000000000
0.728000000000000 0.788908075899824 0.833000000000000
0.727000000000000 0.789882444877114 0.833000000000000
0.726000000000000 0.790857839255147 0.833000000000000
0.725000000000000 0.791834257230185 0.833000000000000
0.724000000000000 0.792811697018640 0.833000000000000
0.723000000000000 0.793790156858256 0.833000000000000
0.722000000000000 0.794769635009379 0.833000000000000
0.721000000000000 0.795750129755717 0.833000000000000
0.720000000000000 0.796731639405560 0.833000000000000
0.719000000000000 0.797714162292955 0.833000000000000
0.718000000000000 0.798697696778472 0.833000000000000
0.717000000000000 0.799682241250291 0.833000000000000
0.716000000000000 0.800667794125414 0.833000000000000
0.715000000000000 0.801654353850356 0.833000000000000
0.714000000000000 0.802641918902164 0.833000000000000
0.713000000000000 0.803630487789709 0.833000000000000
0.712000000000000 0.804620059054095 0.833000000000000
0.711000000000000 0.805610631270000 0.833000000000000
0.710000000000000 0.806602203046515 0.833000000000000
0.709000000000000 0.807594773027879 0.833000000000000
0.708000000000000 0.808588339894644 0.833000000000000
0.707000000000000 0.809582902364478 0.833000000000000
0.706000000000000 0.810578459192896 0.833000000000000
0.705000000000000 0.811575009174281 0.833000000000000
0.704000000000000 0.812572551142960 0.833000000000000
0.703000000000000 0.813571083973608 0.833000000000000
0.702000000000000 0.814570606582463 0.833000000000000
0.701000000000000 0.815571117928133 0.833000000000000
0.700000000000000 0.816572617012317 0.833000000000000
0.699000000000000 0.817575102880753 0.833000000000000
0.698000000000000 0.818578574624098 0.833000000000000
0.697000000000000 0.819583031378649 0.833000000000000
0.696000000000000 0.820588472327169 0.833000000000000
0.695000000000000 0.821594896700019 0.833000000000000
0.694000000000000 0.822602303775555 0.833000000000000
0.693000000000000 0.823610692881225 0.833000000000000
0.692000000000000 0.824620063394515 0.833000000000000
0.691000000000000 0.825630414743352 0.833000000000000
0.690000000000000 0.826641746407422 0.833000000000000
0.689000000000000 0.827654057918740 0.833000000000000
0.688000000000000 0.828667348862464 0.833000000000000
0.687000000000000 0.829681618877923 0.833000000000000
0.686000000000000 0.830696867659299 0.833000000000000
0.685000000000000 0.831713094956537 0.833000000000000
0.684000000000000 0.832730300576151 0.833000000000000
0.683000000000000 0.833748484382243 0.833000000000000
0.682000000000000 0.834767646297170 0.833000000000000
0.681000000000000 0.835787786302393 0.833000000000000
0.680000000000000 0.836808904439621 0.833000000000000
0.679000000000000 0.837831000811535 0.833000000000000
0.678000000000000 0.838854075582473 0.833000000000000
0.677000000000000 0.839878128979742 0.833000000000000
0.676000000000000 0.840903161294334 0.833000000000000
0.675000000000000 0.841929172881655 0.833000000000000
0.674000000000000 0.842956164162737 0.833000000000000
0.673000000000000 0.843984135625302 0.833000000000000
0.672000000000000 0.845013087824126 0.833000000000000
0.671000000000000 0.846043021382697 0.833000000000000
0.670000000000000 0.847073936993877 0.833000000000000
0.669000000000000 0.848105835420769 0.833000000000000
0.668000000000000 0.849138717498037 0.833000000000000
0.667000000000000 0.850172584132795 0.833000000000000
0.666000000000000 0.851207436305571 0.833000000000000
0.665000000000000 0.852243275071514 0.833000000000000
0.664000000000000 0.853280101561502 0.833000000000000
0.663000000000000 0.854317916983138 0.833000000000000
0.662000000000000 0.855356722621798 0.833000000000000
0.661000000000000 0.856396519842135 0.833000000000000
0.660000000000000 0.857437310088859 0.833000000000000
0.659000000000000 0.858479094888077 0.833000000000000
0.658000000000000 0.859521875848589 0.833000000000000
0.657000000000000 0.860565654663228 0.833000000000000
0.656000000000000 0.861610433109594 0.833000000000000
0.655000000000000 0.862656213052048 0.833000000000000
0.654000000000000 0.863702996442753 0.833000000000000
0.653000000000000 0.864750785322703 0.833000000000000
0.652000000000000 0.865799581823657 0.833000000000000
0.651000000000000 0.866849388169342 0.833000000000000
0.650000000000000 0.867900206676695 0.833000000000000
0.649000000000000 0.868952039757564 0.833000000000000
0.648000000000000 0.870004889920429 0.833000000000000
0.647000000000000 0.871058759771454 0.833000000000000
0.646000000000000 0.872113652016428 0.833000000000000
0.645000000000000 0.873169569462456 0.833000000000000
0.644000000000000 0.874226515019424 0.833000000000000
0.643000000000000 0.875284491701757 0.833000000000000
0.642000000000000 0.876343502630323 0.833000000000000
0.641000000000000 0.877403551034274 0.833000000000000
0.640000000000000 0.878464640252485 0.833000000000000
0.639000000000000 0.879526773736077 0.833000000000000
0.638000000000000 0.880589955049920 0.833000000000000
0.637000000000000 0.881654187874744 0.833000000000000
0.636000000000000 0.882719476009382 0.833000000000000
0.635000000000000 0.883785823372782 0.833000000000000
0.634000000000000 0.884853234005996 0.833000000000000
0.633000000000000 0.885921712074724 0.833000000000000
0.632000000000000 0.886991261871608 0.833000000000000
0.631000000000000 0.888061887818226 0.833000000000000
0.630000000000000 0.889133594467898 0.833000000000000
0.629000000000000 0.890206386508306 0.833000000000000
0.628000000000000 0.891280268763563 0.833000000000000
0.627000000000000 0.892355246197252 0.833000000000000
0.626000000000000 0.893431323915268 0.833000000000000
0.625000000000000 0.894508507168207 0.833000000000000
0.624000000000000 0.895586801354580 0.833000000000000
0.623000000000000 0.896666212023751 0.833000000000000
0.622000000000000 0.897746744879128 0.833000000000000
0.621000000000000 0.898828405780830 0.833000000000000
0.620000000000000 0.899911200749609 0.833000000000000
0.619000000000000 0.900995135970082 0.833000000000000
0.618000000000000 0.902080217793534 0.833000000000000
0.617000000000000 0.903166452742502 0.833000000000000
0.616000000000000 0.904253847513919 0.833000000000000
0.615000000000000 0.905342408982783 0.833000000000000
0.614000000000000 0.906432144206462 0.833000000000000
0.613000000000000 0.907523060428772 0.833000000000000
0.612000000000000 0.908615165083678 0.833000000000000
0.611000000000000 0.909708465800181 0.833000000000000
0.610000000000000 0.910802970406674 0.833000000000000
0.609000000000000 0.911898686935152 0.833000000000000
0.608000000000000 0.912995623626454 0.833000000000000
0.607000000000000 0.914093788935166 0.833000000000000
0.606000000000000 0.915193191534438 0.833000000000000
0.605000000000000 0.916293840321375 0.833000000000000
0.604000000000000 0.917395744422782 0.833000000000000
0.603000000000000 0.918498913200391 0.833000000000000
0.602000000000000 0.919603356256788 0.833000000000000
0.601000000000000 0.920709083441802 0.833000000000000
0.600000000000000 0.921816104858416 0.833000000000000
0.599000000000000 0.922924430869084 0.833000000000000
0.598000000000000 0.924034072103135 0.833000000000000
0.597000000000000 0.925145039463066 0.833000000000000
0.596000000000000 0.926257344131798 0.833000000000000
0.595000000000000 0.927370997580544 0.833000000000000
0.594000000000000 0.928486011576472 0.833000000000000
0.593000000000000 0.929602398190153 0.833000000000000
0.592000000000000 0.930720169804611 0.833000000000000
0.591000000000000 0.931839339123770 0.833000000000000
0.590000000000000 0.932959919180858 0.833000000000000
0.589000000000000 0.934081923348711 0.833000000000000
0.588000000000000 0.935205365348820 0.833000000000000
0.587000000000000 0.936330259261116 0.833000000000000
0.586000000000000 0.937456619535172 0.833000000000000
0.585000000000000 0.938584461000661 0.833000000000000
0.584000000000000 0.939713798878237 0.833000000000000
0.583000000000000 0.940844648791999 0.833000000000000
0.582000000000000 0.941977026781521 0.833000000000000
0.581000000000000 0.943110949313855 0.833000000000000
0.580000000000000 0.944246433297863 0.833000000000000
0.579000000000000 0.945383496097287 0.833000000000000
0.578000000000000 0.946522155544952 0.833000000000000
0.577000000000000 0.947662429958506 0.833000000000000
0.576000000000000 0.948804338155342 0.833000000000000
0.575000000000000 0.949947899468883 0.833000000000000
0.574000000000000 0.951093133766116 0.833000000000000
0.573000000000000 0.952240061464663 0.833000000000000
0.572000000000000 0.953388703551563 0.833000000000000
0.571000000000000 0.954539081602787 0.833000000000000
0.570000000000000 0.955691217802975 0.833000000000000
0.569000000000000 0.956845134966760 0.833000000000000
0.568000000000000 0.958000856561225 0.833000000000000
0.567000000000000 0.959158406728160 0.833000000000000
0.566000000000000 0.960317810308878 0.833000000000000
0.565000000000000 0.961479092869568 0.833000000000000
0.564000000000000 0.962642280727198 0.833000000000000
0.563000000000000 0.963807400977978 0.833000000000000
0.562000000000000 0.964974481526448 0.833000000000000
0.561000000000000 0.966143551115225 0.833000000000000
0.560000000000000 0.967314639358257 0.833000000000000
0.559000000000000 0.968487776773927 0.833000000000000
0.558000000000000 0.969662994820313 0.833000000000000
0.557000000000000 0.970840325933086 0.833000000000000
0.556000000000000 0.972019803563836 0.833000000000000
0.555000000000000 0.973201462221966 0.833000000000000
0.554000000000000 0.974385337518094 0.833000000000000
0.553000000000000 0.975571466209039 0.833000000000000
0.552000000000000 0.976759886247032 0.833000000000000
0.551000000000000 0.977950636830193 0.833000000000000
0.550000000000000 0.979143758455699 0.833000000000000
0.549000000000000 0.980339292977591 0.833000000000000
0.548000000000000 0.981537283665758 0.833000000000000
0.547000000000000 0.982737775269835 0.833000000000000
0.546000000000000 0.983940814086449 0.833000000000000
0.545000000000000 0.985146448029528 0.833000000000000
0.544000000000000 0.986354726706701 0.833000000000000
0.543000000000000 0.987565701498296 0.833000000000000
0.542000000000000 0.988779425642597 0.833000000000000
0.541000000000000 0.989995954326174 0.833000000000000
0.540000000000000 0.991215344778706 0.833000000000000
0.539000000000000 0.992437656376110 0.833000000000000
0.538000000000000 0.993662950748144 0.833000000000000
0.537000000000000 0.994891291894419 0.833000000000000
0.536000000000000 0.996122746308275 0.833000000000000
0.535000000000000 0.997357383107129 0.833000000000000
0.534000000000000 0.998595274194276 0.833000000000000
0.533000000000000 0.999836494332358 0.833000000000000
0.532000000000000 1.001081121417366 0.833000000000000
0.531000000000000 1.002329236578266 0.833000000000000
0.530000000000000 1.003580924379324 0.833000000000000
0.529000000000000 1.004836273021448 0.833000000000000
0.528000000000000 1.006095374554805 0.833000000000000
0.527000000000000 1.007358325110806 0.833000000000000
0.526000000000000 1.008625225150653 0.833000000000000
0.525000000000000 1.009896179733785 0.833000000000000
0.524000000000000 1.011171298809227 0.833000000000000
0.523000000000000 1.012450697528070 0.833000000000000
0.522000000000000 1.013734496586292 0.833000000000000
0.521000000000000 1.015022822592613 0.833000000000000
0.520000000000000 1.016315808471648 0.833000000000000
0.519000000000000 1.017613593900227 0.833000000000000
0.518000000000000 1.018916325785817 0.833000000000000
0.517000000000000 1.020224158785692 0.833000000000000
0.516000000000000 1.021537255878745 0.833000000000000
0.515000000000000 1.022855788988883 0.833000000000000
0.514000000000000 1.024179939671845 0.833000000000000
0.513000000000000 1.025509899869772 0.833000000000000
0.512000000000000 1.026845872743780 0.833000000000000
0.511000000000000 1.028188073592820 0.833000000000000
0.510000000000000 1.029536730872848 0.833000000000000
0.509000000000000 1.030892087326191 0.833000000000000
0.508000000000000 1.032254401239561 0.833000000000000
0.507000000000000 1.033623947846244 0.833000000000000
0.506000000000000 1.035001020895453 0.833000000000000
0.505000000000000 1.036385934411285 0.833000000000000
0.504000000000000 1.037779024673485 0.833000000000000
0.503000000000000 1.039180652449409 0.833000000000000
0.502000000000000 1.040591205525679 0.833000000000000
0.501000000000000 1.042011101578918 0.833000000000000
0.500000000000000 1.043440791455257 0.833000000000000
0.499000000000000 1.044880762919905 0.833000000000000
0.498000000000000 1.046331544969948 0.833000000000000
0.497000000000000 1.047793712814754 0.833000000000000
0.496000000000000 1.049267893650310 0.833000000000000
0.495000000000000 1.050754773396252 0.833000000000000
0.494000000000000 1.052255104589302 0.833000000000000
0.493000000000000 1.053769715691027 0.833000000000000
0.492000000000000 1.055299522131314 0.833000000000000
0.491000000000000 1.056845539494645 0.833000000000000
0.490000000000000 1.058408899385318 0.833000000000000
0.489000000000000 1.059990868664379 0.833000000000000
0.488000000000000 1.061592872974546 0.833000000000000
0.487000000000000 1.063216525780247 0.833000000000000
0.486000000000000 1.064863664591403 0.833000000000000
0.485000000000000 1.066536396661050 0.833000000000000
0.484000000000000 1.068237157368272 0.833000000000000
0.483000000000000 1.069968785869662 0.833000000000000
0.482000000000000 1.071734624692032 0.833000000000000
0.481000000000000 1.073538653217449 0.833000000000000
0.480000000000000 1.075385670300145 0.833000000000000
0.479000000000000 1.077281550068893 0.833000000000000
0.478000000000000 1.079233610258778 0.833000000000000
0.477000000000000 1.081251160122798 0.833000000000000
0.476000000000000 1.083346347994475 0.833000000000000
0.475000000000000 1.085535536716874 0.833000000000000
0.474000000000000 1.087841674166732 0.833000000000000
0.473000000000000 1.090298710682089 0.833000000000000
0.472000000000000 1.092960751349209 0.833000000000000
0.471000000000000 1.095924172446042 0.833000000000000
0.470000000000000 1.099396224792394 0.833000000000000
0.469000000000000 1.104055278433152 0.833000000000000
