0.730263151305266 0.966000000000000 0.833000000000000
0.729909502659808 0.967000000000000 0.833000000000000
0.729556757773882 0.968000000000000 0.833000000000000
0.729204919924002 0.969000000000000 0.833000000000000
0.728853992407717 0.970000000000000 0.833000000000000
0.728503978527195 0.971000000000000 0.833000000000000
0.728154881588963 0.972000000000000 0.833000000000000
0.727806704904234 0.973000000000000 0.833000000000000
0.727459451789288 0.974000000000000 0.833000000000000
0.727113125563898 0.975000000000000 0.833000000000000
0.726767729552398 0.976000000000000 0.833000000000000
0.726423267083604 0.977000000000000 0.833000000000000
0.726079741490269 0.978000000000000 0.833000000000000
0.725737156108969 0.979000000000000 0.833000000000000
0.725395514280177 0.980000000000000 0.833000000000000
0.725054819348475 0.981000000000000 0.833000000000000
0.724715074661744 0.982000000000000 0.833000000000000
0.724376283571422 0.983000000000000 0.833000000000000
0.724038449432664 0.984000000000000 0.833000000000000
0.723701575604057 0.985000000000000 0.833000000000000
0.723365665446851 0.986000000000000 0.833000000000000
0.723030722325718 0.987000000000000 0.833000000000000
0.722696749608464 0.988000000000000 0.833000000000000
0.722363750665420 0.989000000000000 0.833000000000000
0.722031728870039 0.990000000000000 0.833000000000000
0.721700687597907 0.991000000000000 0.833000000000000
0.721370630227469 0.992000000000000 0.833000000000000
0.721041560139427 0.993000000000000 0.833000000000000
0.720713480716660 0.994000000000000 0.833000000000000
0.720386395343825 0.995000000000000 0.833000000000000
0.720060307407898 0.996000000000000 0.833000000000000
0.719735220297665 0.997000000000000 0.833000000000000
0.719411137402972 0.998000000000000 0.833000000000000
0.719088059552521 0.999000000000000 0.833000000000000
0.718765990526854 1.000000000000000 0.833000000000000
0.718444936242180 1.001000000000000 0.833000000000000
0.718124900081497 1.002000000000000 0.833000000000000
0.717805885428354 1.003000000000000 0.833000000000000
0.717487895667726 1.004000000000000 0.833000000000000
0.717170934184940 1.004999999999999 0.833000000000000
0.716855004365640 1.005999999999999 0.833000000000000
0.716540109596647 1.006999999999999 0.833000000000000
0.716226253264272 1.007999999999999 0.833000000000000
0.715913438755592 1.008999999999999 0.833000000000000
0.715601669457127 1.009999999999999 0.833000000000000
0.715290948755306 1.010999999999999 0.833000000000000
0.714981280036169 1.011999999999999 0.833000000000000
0.714672666685502 1.012999999999999 0.833000000000000
0.714365112087783 1.013999999999998 0.833000000000000
0.714058619626991 1.014999999999998 0.833000000000000
0.713753192686055 1.015999999999998 0.833000000000000
0.713448834646341 1.016999999999998 0.833000000000000
0.713145548888214 1.017999999999998 0.833000000000000
0.712843338789674 1.018999999999998 0.833000000000000
0.712542207727688 1.019999999999998 0.833000000000000
0.712242159076615 1.020999999999998 0.833000000000000
0.711943196209048 1.021999999999998 0.833000000000000
0.711645322494656 1.022999999999997 0.833000000000000
0.711348541300830 1.023999999999997 0.833000000000000
0.711052855992146 1.024999999999997 0.833000000000000
0.710758269930058 1.025999999999997 0.833000000000000
0.710464786472495 1.026999999999997 0.833000000000000
0.710172408974293 1.027999999999997 0.833000000000000
0.709881140786345 1.028999999999997 0.833000000000000
0.709590985255570 1.029999999999997 0.833000000000000
0.709301945725209 1.030999999999997 0.833000000000000
0.709014025533466 1.031999999999996 0.833000000000000
0.708727228014503 1.032999999999996 0.833000000000000
0.708441556496990 1.033999999999996 0.833000000000000
0.708157014305484 1.034999999999996 0.833000000000000
0.707873604757973 1.035999999999996 0.833000000000000
0.707591331167818 1.036999999999996 0.833000000000000
0.707310196842111 1.037999999999996 0.833000000000000
0.707030205081838 1.038999999999996 0.833000000000000
0.706751359181901 1.039999999999996 0.833000000000000
0.706473662430211 1.040999999999995 0.833000000000000
0.706197118108145 1.041999999999995 0.833000000000000
0.705921729489679 1.042999999999995 0.833000000000000
0.705647499841559 1.043999999999995 0.833000000000000
0.705374432422710 1.044999999999995 0.833000000000000
0.705102530483813 1.045999999999995 0.833000000000000
0.704831797268060 1.046999999999995 0.833000000000000
0.704562236008983 1.047999999999995 0.833000000000000
0.704293849932478 1.048999999999995 0.833000000000000
0.704026642254220 1.049999999999994 0.833000000000000
0.703760616181246 1.050999999999994 0.833000000000000
0.703495774910117 1.051999999999994 0.833000000000000
0.703232121628124 1.052999999999994 0.833000000000000
0.702969659511833 1.053999999999994 0.833000000000000
0.702708391726865 1.054999999999994 0.833000000000000
0.702448321428458 1.055999999999994 0.833000000000000
0.702189451760087 1.056999999999994 0.833000000000000
0.701931778474429 1.057999999999994 0.833000000000000
0.701675308679737 1.058999999999994 0.833000000000000
0.701420049697222 1.059999999999993 0.833000000000000
0.701166004584335 1.060999999999993 0.833000000000000
0.700913176386233 1.061999999999993 0.833000000000000
0.700661568135918 1.062999999999993 0.833000000000000
0.700411182854314 1.063999999999993 0.833000000000000
0.700162023548662 1.064999999999993 0.833000000000000
0.699914093213416 1.065999999999993 0.833000000000000
0.699667394829243 1.066999999999993 0.833000000000000
0.699421931362932 1.067999999999993 0.833000000000000
0.699177705767676 1.068999999999992 0.833000000000000
0.698934720981055 1.069999999999992 0.833000000000000
0.698692979926635 1.070999999999992 0.833000000000000
0.698452485512124 1.071999999999992 0.833000000000000
0.698213240630145 1.072999999999992 0.833000000000000
0.697975248157132 1.073999999999992 0.833000000000000
0.697738510953453 1.074999999999992 0.833000000000000
0.697503031862618 1.075999999999992 0.833000000000000
0.697268813711495 1.076999999999992 0.833000000000000
0.697035859309290 1.077999999999991 0.833000000000000
0.696804171447499 1.078999999999991 0.833000000000000
0.696573752899676 1.079999999999991 0.833000000000000
0.696344606420920 1.080999999999991 0.833000000000000
0.696116734747598 1.081999999999991 0.833000000000000
0.695890140596563 1.082999999999991 0.833000000000000
0.695664826665361 1.083999999999991 0.833000000000000
0.695440795631295 1.084999999999991 0.833000000000000
0.695218050151706 1.085999999999991 0.833000000000000
0.694996592862615 1.086999999999990 0.833000000000000
0.694776426379429 1.087999999999990 0.833000000000000
0.694557553295686 1.088999999999990 0.833000000000000
0.694339976182887 1.089999999999990 0.833000000000000
0.694123697590229 1.090999999999990 0.833000000000000
0.693908720044370 1.091999999999990 0.833000000000000
0.693695046048475 1.092999999999990 0.833000000000000
0.693482678082470 1.093999999999990 0.833000000000000
0.693271618601389 1.094999999999990 0.833000000000000
0.693061870037201 1.095999999999989 0.833000000000000
0.692853434795101 1.096999999999989 0.833000000000000
0.692646315257231 1.097999999999989 0.833000000000000
0.692440513778299 1.098999999999989 0.833000000000000
0.692236032687369 1.099999999999989 0.833000000000000
0.692032874287092 1.100999999999989 0.833000000000000
0.691831040852746 1.101999999999989 0.833000000000000
0.691630534632516 1.102999999999989 0.833000000000000
0.691431357846390 1.103999999999989 0.833000000000000
0.691233512685761 1.104999999999988 0.833000000000000
0.691037001314036 1.105999999999988 0.833000000000000
0.690841825864280 1.106999999999988 0.833000000000000
0.690647988440961 1.107999999999988 0.833000000000000
0.690455491117297 1.108999999999988 0.833000000000000
0.690264335937014 1.109999999999988 0.833000000000000
0.690074524911959 1.110999999999988 0.833000000000000
0.689886060022517 1.111999999999988 0.833000000000000
0.689698928993020 1.112999999999988 0.833000000000000
0.689513144848968 1.113999999999987 0.833000000000000
0.689328713986806 1.114999999999987 0.833000000000000
0.689145638183200 1.115999999999987 0.833000000000000
0.688963919183969 1.116999999999987 0.833000000000000
0.688783558702842 1.117999999999987 0.833000000000000
0.688604558421099 1.118999999999987 0.833000000000000
0.688426919987724 1.119999999999987 0.833000000000000
0.688250645018678 1.120999999999987 0.833000000000000
0.688075735095637 1.121999999999987 0.833000000000000
0.687902191767340 1.122999999999986 0.833000000000000
0.687730016547293 1.123999999999986 0.833000000000000
0.687559210915106 1.124999999999986 0.833000000000000
0.687389776314633 1.125999999999986 0.833000000000000
0.687221714154024 1.126999999999986 0.833000000000000
0.687055025805414 1.127999999999986 0.833000000000000
0.686889712604543 1.128999999999986 0.833000000000000
0.686725775850476 1.129999999999986 0.833000000000000
0.686563216804398 1.130999999999986 0.833000000000000
0.686402036689794 1.131999999999985 0.833000000000000
0.686242236692215 1.132999999999985 0.833000000000000
0.686083817958286 1.133999999999985 0.833000000000000
0.685926781595792 1.134999999999985 0.833000000000000
0.685771128672508 1.135999999999985 0.833000000000000
0.685616860216787 1.136999999999985 0.833000000000000
0.685463977216462 1.137999999999985 0.833000000000000
0.685312480617850 1.138999999999985 0.833000000000000
0.685162371327308 1.139999999999985 0.833000000000000
0.685013650208204 1.140999999999984 0.833000000000000
0.684866318082716 1.141999999999984 0.833000000000000
0.684720375730042 1.142999999999984 0.833000000000000
0.684575823886511 1.143999999999984 0.833000000000000
0.684432663245016 1.144999999999984 0.833000000000000
0.684290894454705 1.145999999999984 0.833000000000000
0.684150518120375 1.146999999999984 0.833000000000000
0.684011534802553 1.147999999999984 0.833000000000000
0.683873945016178 1.148999999999984 0.833000000000000
0.683737749230736 1.149999999999983 0.833000000000000
0.683602947870350 1.150999999999983 0.833000000000000
0.683469541312440 1.151999999999983 0.833000000000000
0.683337529887804 1.152999999999983 0.833000000000000
0.683206913879978 1.153999999999983 0.833000000000000
0.683077693525401 1.154999999999983 0.833000000000000
0.682949869012063 1.155999999999983 0.833000000000000
0.682823440480378 1.156999999999983 0.833000000000000
0.682698408021254 1.157999999999983 0.833000000000000
0.682574771677359 1.158999999999982 0.833000000000000
0.682452531441252 1.159999999999982 0.833000000000000
0.682331687256065 1.160999999999982 0.833000000000000
0.682212239014793 1.161999999999982 0.833000000000000
0.682094186559410 1.162999999999982 0.833000000000000
0.681977529682035 1.163999999999982 0.833000000000000
0.681862260039181 1.164999999999982 0.833000000000000
0.681748368692636 1.165999999999982 0.833000000000000
0.681635874029654 1.166999999999982 0.833000000000000
0.681524775520625 1.167999999999981 0.833000000000000
0.681415072587071 1.168999999999981 0.833000000000000
0.681306764602281 1.169999999999981 0.833000000000000
0.681199850890500 1.170999999999981 0.833000000000000
0.681094330727038 1.171999999999981 0.833000000000000
0.680990203337507 1.172999999999981 0.833000000000000
0.680887467897771 1.173999999999981 0.833000000000000
0.680786123533922 1.174999999999981 0.833000000000000
0.680686169321597 1.175999999999981 0.833000000000000
0.680587604285998 1.176999999999981 0.833000000000000
0.680490427401995 1.177999999999980 0.833000000000000
0.680394637592562 1.178999999999980 0.833000000000000
0.680300233730392 1.179999999999980 0.833000000000000
0.680207214635796 1.180999999999980 0.833000000000000
0.680115579078191 1.181999999999980 0.833000000000000
0.680025325774339 1.182999999999980 0.833000000000000
0.679936453389624 1.183999999999980 0.833000000000000
0.679848960536350 1.184999999999980 0.833000000000000
0.679762845774532 1.185999999999980 0.833000000000000
0.679678107611697 1.186999999999979 0.833000000000000
0.679594744501670 1.187999999999979 0.833000000000000
0.679512754846169 1.188999999999979 0.833000000000000
0.679432136992733 1.189999999999979 0.833000000000000
0.679352889235777 1.190999999999979 0.833000000000000
0.679275009815990 1.191999999999979 0.833000000000000
0.679198496920188 1.192999999999979 0.833000000000000
0.679123348681495 1.193999999999979 0.833000000000000
0.679049563178801 1.194999999999979 0.833000000000000
0.678977138436582 1.195999999999978 0.833000000000000
0.678906072425206 1.196999999999978 0.833000000000000
0.678836363060814 1.197999999999978 0.833000000000000
0.678768008204335 1.198999999999978 0.833000000000000
0.678701005662859 1.199999999999978 0.833000000000000
0.678635353187865 1.200999999999978 0.833000000000000
0.678571048477149 1.201999999999978 0.833000000000000
0.678508089172338 1.202999999999978 0.833000000000000
0.678446472861227 1.203999999999978 0.833000000000000
0.678386197076229 1.204999999999977 0.833000000000000
0.678327259294615 1.205999999999977 0.833000000000000
0.678269656938707 1.206999999999977 0.833000000000000
0.678213387376023 1.207999999999977 0.833000000000000
0.678158447918527 1.208999999999977 0.833000000000000
0.678104835823788 1.209999999999977 0.833000000000000
0.678052548293950 1.210999999999977 0.833000000000000
0.678001582476091 1.211999999999977 0.833000000000000
0.677951935462387 1.212999999999977 0.833000000000000
0.677903604290247 1.213999999999976 0.833000000000000
0.677856585942293 1.214999999999976 0.833000000000000
0.677810877346084 1.215999999999976 0.833000000000000
0.677766453983486 1.216999999999976 0.833000000000000
0.677723326036768 1.217999999999976 0.833000000000000
0.677681500758798 1.218999999999976 0.833000000000000
0.677640974713913 1.219999999999976 0.833000000000000
0.677601744418479 1.220999999999976 0.833000000000000
0.677563806341020 1.221999999999976 0.833000000000000
0.677527156901353 1.222999999999975 0.833000000000000
0.677491792472336 1.223999999999975 0.833000000000000
0.677457709378844 1.224999999999975 0.833000000000000
0.677424903898471 1.225999999999975 0.833000000000000
0.677393372261148 1.226999999999975 0.833000000000000
0.677363110649724 1.227999999999975 0.833000000000000
0.677334115200218 1.228999999999975 0.833000000000000
0.677306382002152 1.229999999999975 0.833000000000000
0.677279907097999 1.230999999999975 0.833000000000000
0.677254686483700 1.231999999999974 0.833000000000000
0.677230716110168 1.232999999999974 0.833000000000000
0.677207991880966 1.233999999999974 0.833000000000000
0.677186509655038 1.234999999999974 0.833000000000000
0.677166265245301 1.235999999999974 0.833000000000000
0.677147254419794 1.236999999999974 0.833000000000000
0.677129472901679 1.237999999999974 0.833000000000000
0.677112916369053 1.238999999999974 0.833000000000000
0.677097580455725 1.239999999999974 0.833000000000000
0.677083460751924 1.240999999999973 0.833000000000000
0.677070552803663 1.241999999999973 0.833000000000000
0.677058852113573 1.242999999999973 0.833000000000000
0.677048354140858 1.243999999999973 0.833000000000000
0.677039054302368 1.244999999999973 0.833000000000000
0.677030947972131 1.245999999999973 0.833000000000000
0.677024030482104 1.246999999999973 0.833000000000000
0.677018297122207 1.247999999999973 0.833000000000000
0.677013743141235 1.248999999999973 0.833000000000000
0.677010363746601 1.249999999999972 0.833000000000000
0.677008154105187 1.250999999999972 0.833000000000000
0.677007109343582 1.251999999999972 0.833000000000000
0.677007224548395 1.252999999999972 0.833000000000000
0.677008494766542 1.253999999999972 0.833000000000000
0.677010915005650 1.254999999999972 0.833000000000000
0.677014480235786 1.255999999999972 0.833000000000000
0.677019185387382 1.256999999999972 0.833000000000000
0.677025025353415 1.257999999999972 0.833000000000000
0.677031994990083 1.258999999999971 0.833000000000000
0.677040089116086 1.259999999999971 0.833000000000000
0.677049302513676 1.260999999999971 0.833000000000000
0.677059629929581 1.261999999999971 0.833000000000000
0.677071066074442 1.262999999999971 0.833000000000000
0.677083605624349 1.263999999999971 0.833000000000000
0.677097243220437 1.264999999999971 0.833000000000000
0.677111973470248 1.265999999999971 0.833000000000000
0.677127790947480 1.266999999999971 0.833000000000000
0.677144690193185 1.267999999999970 0.833000000000000
0.677162663833679 1.268999999999970 0.833000000000000
0.677181675754079 1.269999999999970 0.833000000000000
0.677201755626929 1.270999999999970 0.833000000000000
0.677222897705457 1.271999999999970 0.833000000000000
0.677245096219207 1.272999999999970 0.833000000000000
0.677268345375188 1.273999999999970 0.833000000000000
0.677292639357391 1.274999999999970 0.833000000000000
0.677317972328367 1.275999999999970 0.833000000000000
0.677344338429170 1.276999999999969 0.833000000000000
0.677371731780067 1.277999999999969 0.833000000000000
0.677400146480849 1.278999999999969 0.833000000000000
0.677429576610982 1.279999999999969 0.833000000000000
0.677460016231375 1.280999999999969 0.833000000000000
0.677491459383375 1.281999999999969 0.833000000000000
0.677523900090314 1.282999999999969 0.833000000000000
0.677557332357338 1.283999999999969 0.833000000000000
0.677591750172870 1.284999999999969 0.833000000000000
0.677627147507670 1.285999999999969 0.833000000000000
0.677663518316926 1.286999999999968 0.833000000000000
0.677700856539632 1.287999999999968 0.833000000000000
0.677739156099754 1.288999999999968 0.833000000000000
0.677778410906417 1.289999999999968 0.833000000000000
0.677818614854512 1.290999999999968 0.833000000000000
0.677859761825707 1.291999999999968 0.833000000000000
0.677901845687777 1.292999999999968 0.833000000000000
0.677944860296915 1.293999999999968 0.833000000000000
0.677988799496274 1.294999999999968 0.833000000000000
0.678033657118042 1.295999999999967 0.833000000000000
0.678079426983583 1.296999999999967 0.833000000000000
0.678126102903509 1.297999999999967 0.833000000000000
0.678173678678415 1.298999999999967 0.833000000000000
0.678222148100254 1.299999999999967 0.833000000000000
0.678271504951876 1.300999999999967 0.833000000000000
0.678321743007268 1.301999999999967 0.833000000000000
0.678372856033551 1.302999999999967 0.833000000000000
0.678424837790645 1.303999999999967 0.833000000000000
0.678477682031138 1.304999999999966 0.833000000000000
0.678531382502415 1.305999999999966 0.833000000000000
0.678585932946129 1.306999999999966 0.833000000000000
0.678641327098698 1.307999999999966 0.833000000000000
0.678697558692413 1.308999999999966 0.833000000000000
0.678754621455540 1.309999999999966 0.833000000000000
0.678812509113196 1.310999999999966 0.833000000000000
0.678871215387756 1.311999999999966 0.833000000000000
0.678930733999482 1.312999999999966 0.833000000000000
0.678991058666289 1.313999999999965 0.833000000000000
0.679052183105715 1.314999999999965 0.833000000000000
0.679114101034612 1.315999999999965 0.833000000000000
0.679176806169594 1.316999999999965 0.833000000000000
0.679240292227719 1.317999999999965 0.833000000000000
0.679304552927256 1.318999999999965 0.833000000000000
0.679369581685767 1.319999999999965 0.833000000000000
0.679435372827246 1.320999999999965 0.833000000000000
0.679501919776506 1.321999999999965 0.833000000000000
0.679569216260968 1.322999999999964 0.833000000000000
0.679637256012260 1.323999999999964 0.833000000000000
0.679706026609118 1.324999999999964 0.833000000000000
0.679775499882980 1.325999999999964 0.833000000000000
0.679845700214735 1.326999999999964 0.833000000000000
0.679916621211001 1.327999999999964 0.833000000000000
0.679988256490548 1.328999999999964 0.833000000000000
0.680060599685203 1.329999999999964 0.833000000000000
0.680133644440648 1.330999999999964 0.833000000000000
0.680207384415905 1.331999999999963 0.833000000000000
0.680281813284204 1.332999999999963 0.833000000000000
0.680356924733664 1.333999999999963 0.833000000000000
0.680432712467049 1.334999999999963 0.833000000000000
0.680509170202670 1.335999999999963 0.833000000000000
0.680586291674325 1.336999999999963 0.833000000000000
0.680664070631937 1.337999999999963 0.833000000000000
0.680742500841982 1.338999999999963 0.833000000000000
0.680821576087688 1.339999999999963 0.833000000000000
0.680901290168976 1.340999999999962 0.833000000000000
0.680981636903960 1.341999999999962 0.833000000000000
0.681062610127937 1.342999999999962 0.833000000000000
0.681144203694710 1.343999999999962 0.833000000000000
0.681226411476668 1.344999999999962 0.833000000000000
0.681309227364554 1.345999999999962 0.833000000000000
0.681392645268750 1.346999999999962 0.833000000000000
0.681476659118742 1.347999999999962 0.833000000000000
0.681561262864142 1.348999999999962 0.833000000000000
0.681646450474495 1.349999999999961 0.833000000000000
0.681732215939776 1.350999999999961 0.833000000000000
0.681818553270532 1.351999999999961 0.833000000000000
0.681905456498523 1.352999999999961 0.833000000000000
0.681992919676829 1.353999999999961 0.833000000000000
0.682080936879958 1.354999999999961 0.833000000000000
0.682169502204489 1.355999999999961 0.833000000000000
0.682258609769141 1.356999999999961 0.833000000000000
0.682348253714946 1.357999999999961 0.833000000000000
0.682438428205832 1.358999999999960 0.833000000000000
0.682529127428446 1.359999999999960 0.833000000000000
0.682620345592987 1.360999999999960 0.833000000000000
0.682712076932951 1.361999999999960 0.833000000000000
0.682804315705640 1.362999999999960 0.833000000000000
0.682897056192494 1.363999999999960 0.833000000000000
0.682990292699061 1.364999999999960 0.833000000000000
0.683084019555350 1.365999999999960 0.833000000000000
0.683178231116144 1.366999999999960 0.833000000000000
0.683272921761036 1.367999999999959 0.833000000000000
0.683368085895300 1.368999999999959 0.833000000000000
0.683463717948991 1.369999999999959 0.833000000000000
0.683559812377826 1.370999999999959 0.833000000000000
0.683656363663798 1.371999999999959 0.833000000000000
0.683753366314467 1.372999999999959 0.833000000000000
0.683850814863884 1.373999999999959 0.833000000000000
0.683948703872171 1.374999999999959 0.833000000000000
0.684047027926626 1.375999999999959 0.833000000000000
0.684145781640816 1.376999999999958 0.833000000000000
0.684244959655137 1.377999999999958 0.833000000000000
0.684344556638086 1.378999999999958 0.833000000000000
0.684444567284229 1.379999999999958 0.833000000000000
0.684544986316501 1.380999999999958 0.833000000000000
0.684645808485083 1.381999999999958 0.833000000000000
0.684747028567998 1.382999999999958 0.833000000000000
0.684848641371464 1.383999999999958 0.833000000000000
0.684950641729232 1.384999999999958 0.833000000000000
0.685053024503710 1.385999999999957 0.833000000000000
0.685155784585816 1.386999999999957 0.833000000000000
0.685258887585354 1.387999999999957 0.833000000000000
0.685362357412549 1.388999999999957 0.833000000000000
0.685466191394138 1.389999999999957 0.833000000000000
0.685570384430837 1.390999999999957 0.833000000000000
0.685674931456775 1.391999999999957 0.833000000000000
0.685779827439536 1.392999999999957 0.833000000000000
0.685885067380016 1.393999999999957 0.833000000000000
0.685990646312462 1.394999999999956 0.833000000000000
0.686096559304741 1.395999999999956 0.833000000000000
0.686202801457738 1.396999999999956 0.833000000000000
0.686309367906023 1.397999999999956 0.833000000000000
0.686416253817418 1.398999999999956 0.833000000000000
0.686523454393165 1.399999999999956 0.833000000000000
0.686630964867550 1.400999999999956 0.833000000000000
0.686738780508380 1.401999999999956 0.833000000000000
0.686846896616791 1.402999999999956 0.833000000000000
0.686955308526814 1.403999999999956 0.833000000000000
0.687064011606055 1.404999999999955 0.833000000000000
0.687173001255040 1.405999999999955 0.833000000000000
0.687282272907313 1.406999999999955 0.833000000000000
0.687391822029768 1.407999999999955 0.833000000000000
0.687501644122101 1.408999999999955 0.833000000000000
0.687611734717128 1.409999999999955 0.833000000000000
0.687722089380160 1.410999999999955 0.833000000000000
0.687832703709989 1.411999999999955 0.833000000000000
0.687943573337735 1.412999999999955 0.833000000000000
0.688054693927495 1.413999999999954 0.833000000000000
0.688166061175709 1.414999999999954 0.833000000000000
0.688277670812010 1.415999999999954 0.833000000000000
0.688389518597895 1.416999999999954 0.833000000000000
0.688501600327798 1.417999999999954 0.833000000000000
0.688613911828378 1.418999999999954 0.833000000000000
0.688726448958432 1.419999999999954 0.833000000000000
0.688839207609025 1.420999999999954 0.833000000000000
0.688952183703789 1.421999999999954 0.833000000000000
0.689065373197823 1.422999999999953 0.833000000000000
0.689178772078547 1.423999999999953 0.833000000000000
0.689292376365322 1.424999999999953 0.833000000000000
0.689406182108988 1.425999999999953 0.833000000000000
0.689520185392217 1.426999999999953 0.833000000000000
0.689634382329577 1.427999999999953 0.833000000000000
0.689748769066742 1.428999999999953 0.833000000000000
0.689863341780761 1.429999999999953 0.833000000000000
0.689978096680379 1.430999999999953 0.833000000000000
0.690093030005346 1.431999999999952 0.833000000000000
0.690208138026273 1.432999999999952 0.833000000000000
0.690323417045067 1.433999999999952 0.833000000000000
0.690438863394615 1.434999999999952 0.833000000000000
0.690554473438093 1.435999999999952 0.833000000000000
0.690670243569627 1.436999999999952 0.833000000000000
0.690786170214075 1.437999999999952 0.833000000000000
0.690902249826272 1.438999999999952 0.833000000000000
0.691018478891691 1.439999999999952 0.833000000000000
0.691134853925984 1.440999999999951 0.833000000000000
0.691251371474735 1.441999999999951 0.833000000000000
0.691368028113502 1.442999999999951 0.833000000000000
0.691484820447543 1.443999999999951 0.833000000000000
0.691601745112174 1.444999999999951 0.833000000000000
0.691718798771968 1.445999999999951 0.833000000000000
0.691835978120978 1.446999999999951 0.833000000000000
0.691953279882733 1.447999999999951 0.833000000000000
0.692070700809749 1.448999999999951 0.833000000000000
0.692188237683644 1.449999999999950 0.833000000000000
0.692305887315100 1.450999999999950 0.833000000000000
0.692423646543222 1.451999999999950 0.833000000000000
0.692541512236368 1.452999999999950 0.833000000000000
0.692659481290809 1.453999999999950 0.833000000000000
0.692777550631346 1.454999999999950 0.833000000000000
0.692895717211407 1.455999999999950 0.833000000000000
0.693013978011887 1.456999999999950 0.833000000000000
0.693132330042083 1.457999999999950 0.833000000000000
0.693250770339043 1.458999999999949 0.833000000000000
0.693369295967280 1.459999999999949 0.833000000000000
0.693487886167450 1.460999999999949 0.833000000000000
0.693606548778860 1.461999999999949 0.833000000000000
0.693725289489308 1.462999999999949 0.833000000000000
0.693844105409223 1.463999999999949 0.833000000000000
0.693962993678027 1.464999999999949 0.833000000000000
0.694081951464661 1.465999999999949 0.833000000000000
0.694200975966731 1.466999999999949 0.833000000000000
0.694320064410526 1.467999999999948 0.833000000000000
0.694439214051054 1.468999999999948 0.833000000000000
0.694558422171609 1.469999999999948 0.833000000000000
0.694677686083540 1.470999999999948 0.833000000000000
0.694797003126199 1.471999999999948 0.833000000000000
0.694916370666530 1.472999999999948 0.833000000000000
0.695035786099045 1.473999999999948 0.833000000000000
0.695155246845672 1.474999999999948 0.833000000000000
0.695274750355079 1.475999999999948 0.833000000000000
0.695394294103349 1.476999999999947 0.833000000000000
0.695513875592842 1.477999999999947 0.833000000000000
0.695633492352583 1.478999999999947 0.833000000000000
0.695753141937881 1.479999999999947 0.833000000000000
0.695872821930052 1.480999999999947 0.833000000000000
0.695992529936643 1.481999999999947 0.833000000000000
0.696112263590353 1.482999999999947 0.833000000000000
0.696232020549829 1.483999999999947 0.833000000000000
0.696351798498834 1.484999999999947 0.833000000000000
0.696471595146239 1.485999999999946 0.833000000000000
0.696591408225943 1.486999999999946 0.833000000000000
0.696711235496332 1.487999999999946 0.833000000000000
0.696831074740606 1.488999999999946 0.833000000000000
0.696950923766240 1.489999999999946 0.833000000000000
0.697070780404545 1.490999999999946 0.833000000000000
0.697190642511129 1.491999999999946 0.833000000000000
0.697310507965215 1.492999999999946 0.833000000000000
0.697430374669583 1.493999999999946 0.833000000000000
0.697550240550258 1.494999999999945 0.833000000000000
0.697670103556814 1.495999999999945 0.833000000000000
0.697789961661482 1.496999999999945 0.833000000000000
0.697909812859532 1.497999999999945 0.833000000000000
0.698029655168676 1.498999999999945 0.833000000000000
0.698149486629159 1.499999999999945 0.833000000000000
0.698269305303635 1.500999999999945 0.833000000000000
0.698389109276388 1.501999999999945 0.833000000000000
0.698508896653969 1.502999999999945 0.833000000000000
0.698628665564690 1.503999999999944 0.833000000000000
0.698748414158095 1.504999999999944 0.833000000000000
0.698868140605225 1.505999999999944 0.833000000000000
0.698987843098367 1.506999999999944 0.833000000000000
0.699107519850746 1.507999999999944 0.833000000000000
0.699227169096303 1.508999999999944 0.833000000000000
0.699346789089648 1.509999999999944 0.833000000000000
0.699466378105980 1.510999999999944 0.833000000000000
0.699585934440823 1.511999999999944 0.833000000000000
0.699705456409495 1.512999999999944 0.833000000000000
0.699824942347508 1.513999999999943 0.833000000000000
0.699944390609980 1.514999999999943 0.833000000000000
0.700063799572109 1.515999999999943 0.833000000000000
0.700183167627791 1.516999999999943 0.833000000000000
0.700302493190743 1.517999999999943 0.833000000000000
0.700421774693539 1.518999999999943 0.833000000000000
0.700541010587516 1.519999999999943 0.833000000000000
0.700660199343385 1.520999999999943 0.833000000000000
0.700779339449796 1.521999999999943 0.833000000000000
0.700898429414056 1.522999999999942 0.833000000000000
0.701017467761893 1.523999999999942 0.833000000000000
0.701136453036930 1.524999999999942 0.833000000000000
0.701255383800922 1.525999999999942 0.833000000000000
0.701374258633311 1.526999999999942 0.833000000000000
0.701493076131072 1.527999999999942 0.833000000000000
0.701611834908802 1.528999999999942 0.833000000000000
0.701730533598399 1.529999999999942 0.833000000000000
0.701849170848809 1.530999999999942 0.833000000000000
0.701967745326181 1.531999999999941 0.833000000000000
0.702086255713312 1.532999999999941 0.833000000000000
0.702204700709766 1.533999999999941 0.833000000000000
0.702323079031583 1.534999999999941 0.833000000000000
0.702441389411409 1.535999999999941 0.833000000000000
0.702559630598024 1.536999999999941 0.833000000000000
0.702677801356078 1.537999999999941 0.833000000000000
0.702795900466465 1.538999999999941 0.833000000000000
0.702913926725793 1.539999999999941 0.833000000000000
0.703031878946286 1.540999999999940 0.833000000000000
0.703149755955616 1.541999999999940 0.833000000000000
0.703267556596954 1.542999999999940 0.833000000000000
0.703385279728660 1.543999999999940 0.833000000000000
0.703502924224123 1.544999999999940 0.833000000000000
0.703620488971802 1.545999999999940 0.833000000000000
0.703737972874598 1.546999999999940 0.833000000000000
0.703855374850459 1.547999999999940 0.833000000000000
0.703972693831744 1.548999999999940 0.833000000000000
0.704089928765153 1.549999999999939 0.833000000000000
0.704207078611540 1.550999999999939 0.833000000000000
0.704324142346022 1.551999999999939 0.833000000000000
0.704441102395598 1.552999999999939 0.833000000000000
0.704557972585579 1.553999999999939 0.833000000000000
0.704674754484305 1.554999999999939 0.833000000000000
0.704791447092026 1.555999999999939 0.833000000000000
0.704908049423542 1.556999999999939 0.833000000000000
0.705024560507644 1.557999999999939 0.833000000000000
0.705140979387459 1.558999999999938 0.833000000000000
0.705257305119934 1.559999999999938 0.833000000000000
0.705373536775821 1.560999999999938 0.833000000000000
0.705489673439528 1.561999999999938 0.833000000000000
0.705605714209180 1.562999999999938 0.833000000000000
0.705721658196033 1.563999999999938 0.833000000000000
0.705837504524564 1.564999999999938 0.833000000000000
0.705953252332514 1.565999999999938 0.833000000000000
0.706068900770377 1.566999999999938 0.833000000000000
0.706184449001608 1.567999999999937 0.833000000000000
0.706299896202317 1.568999999999937 0.833000000000000
0.706415241560940 1.569999999999937 0.833000000000000
0.706530484278535 1.570999999999937 0.833000000000000
0.706645623568407 1.571999999999937 0.833000000000000
0.706760658655860 1.572999999999937 0.833000000000000
0.706875588778307 1.573999999999937 0.833000000000000
0.706990413185011 1.574999999999937 0.833000000000000
0.707105131136917 1.575999999999937 0.833000000000000
0.707219741906724 1.576999999999936 0.833000000000000
0.707334244778387 1.577999999999936 0.833000000000000
0.707448639047509 1.578999999999936 0.833000000000000
0.707562924020680 1.579999999999936 0.833000000000000
0.707677099015827 1.580999999999936 0.833000000000000
0.707791163361582 1.581999999999936 0.833000000000000
0.707905116397859 1.582999999999936 0.833000000000000
0.708018957474925 1.583999999999936 0.833000000000000
0.708132685953901 1.584999999999936 0.833000000000000
0.708246301206385 1.585999999999935 0.833000000000000
0.708359802614455 1.586999999999935 0.833000000000000
0.708473189570304 1.587999999999935 0.833000000000000
0.708586461476504 1.588999999999935 0.833000000000000
0.708699617745666 1.589999999999935 0.833000000000000
0.708812657800042 1.590999999999935 0.833000000000000
0.708925581072207 1.591999999999935 0.833000000000000
0.709038387004230 1.592999999999935 0.833000000000000
0.709151075047692 1.593999999999935 0.833000000000000
0.709263644663892 1.594999999999934 0.833000000000000
0.709376095323484 1.595999999999934 0.833000000000000
0.709488426506450 1.596999999999934 0.833000000000000
0.709600637702003 1.597999999999934 0.833000000000000
0.709712728408253 1.598999999999934 0.833000000000000
0.709824698132619 1.599999999999934 0.833000000000000
0.709936546391216 1.600999999999934 0.833000000000000
0.710048272709075 1.601999999999934 0.833000000000000
0.710159876619835 1.602999999999934 0.833000000000000
0.710271357665750 1.603999999999933 0.833000000000000
0.710382715397779 1.604999999999933 0.833000000000000
0.710493949375009 1.605999999999933 0.833000000000000
0.710605059164982 1.606999999999933 0.833000000000000
0.710716044343522 1.607999999999933 0.833000000000000
0.710826904494466 1.608999999999933 0.833000000000000
0.710937639209764 1.609999999999933 0.833000000000000
0.711048248089319 1.610999999999933 0.833000000000000
0.711158730740898 1.611999999999933 0.833000000000000
0.711269086779999 1.612999999999932 0.833000000000000
0.711379315829764 1.613999999999932 0.833000000000000
0.711489417521052 1.614999999999932 0.833000000000000
0.711599391492175 1.615999999999932 0.833000000000000
0.711709237388813 1.616999999999932 0.833000000000000
0.711818954864029 1.617999999999932 0.833000000000000
0.711928543578241 1.618999999999932 0.833000000000000
0.712038003198751 1.619999999999932 0.833000000000000
0.712147333400352 1.620999999999932 0.833000000000000
0.712256533864499 1.621999999999931 0.833000000000000
0.712365604279710 1.622999999999931 0.833000000000000
0.712474544341378 1.623999999999931 0.833000000000000
0.712583353751620 1.624999999999931 0.833000000000000
0.712692032219273 1.625999999999931 0.833000000000000
0.712800579459758 1.626999999999931 0.833000000000000
0.712908995195064 1.627999999999931 0.833000000000000
0.713017279153551 1.628999999999931 0.833000000000000
0.713125431070069 1.629999999999931 0.833000000000000
0.713233450685819 1.630999999999931 0.833000000000000
0.713341337748029 1.631999999999930 0.833000000000000
0.713449092010361 1.632999999999930 0.833000000000000
0.713556713232373 1.633999999999930 0.833000000000000
0.713664201179689 1.634999999999930 0.833000000000000
0.713771555624015 1.635999999999930 0.833000000000000
0.713878776342713 1.636999999999930 0.833000000000000
0.713985863119129 1.637999999999930 0.833000000000000
0.714092815742385 1.638999999999930 0.833000000000000
0.714199634007050 1.639999999999930 0.833000000000000
0.714306317713599 1.640999999999929 0.833000000000000
0.714412866667778 1.641999999999929 0.833000000000000
0.714519280681036 1.642999999999929 0.833000000000000
0.714625559570096 1.643999999999929 0.833000000000000
0.714731703157182 1.644999999999929 0.833000000000000
0.714837711269625 1.645999999999929 0.833000000000000
0.714943583740010 1.646999999999929 0.833000000000000
0.715049320406241 1.647999999999929 0.833000000000000
0.715154921111195 1.648999999999929 0.833000000000000
0.715260385702780 1.649999999999928 0.833000000000000
0.715365714034077 1.650999999999928 0.833000000000000
0.715470905962795 1.651999999999928 0.833000000000000
0.715575961351673 1.652999999999928 0.833000000000000
0.715680880068353 1.653999999999928 0.833000000000000
0.715785661985098 1.654999999999928 0.833000000000000
0.715890306978893 1.655999999999928 0.833000000000000
0.715994814931370 1.656999999999928 0.833000000000000
0.716099185728803 1.657999999999928 0.833000000000000
0.716203419261948 1.658999999999927 0.833000000000000
0.716307515426107 1.659999999999927 0.833000000000000
0.716411474121101 1.660999999999927 0.833000000000000
0.716515295250949 1.661999999999927 0.833000000000000
0.716618978724254 1.662999999999927 0.833000000000000
0.716722524341519 1.663999999999927 0.833000000000000
0.716825932225272 1.664999999999927 0.833000000000000
0.716929202200195 1.665999999999927 0.833000000000000
0.717032334191036 1.666999999999927 0.833000000000000
0.717135328126755 1.667999999999926 0.833000000000000
0.717238183940256 1.668999999999926 0.833000000000000
0.717340901568318 1.669999999999926 0.833000000000000
0.717443480951771 1.670999999999926 0.833000000000000
0.717545922035168 1.671999999999926 0.833000000000000
0.717648224766793 1.672999999999926 0.833000000000000
0.717750389098921 1.673999999999926 0.833000000000000
0.717852414987392 1.674999999999926 0.833000000000000
0.717954302391692 1.675999999999926 0.833000000000000
0.718056042255273 1.676999999999925 0.833000000000000
0.718157640802228 1.677999999999925 0.833000000000000
0.718259101146026 1.678999999999925 0.833000000000000
0.718360423249758 1.679999999999925 0.833000000000000
0.718461607080199 1.680999999999925 0.833000000000000
0.718562652607810 1.681999999999925 0.833000000000000
0.718663559806693 1.682999999999925 0.833000000000000
0.718764328654490 1.683999999999925 0.833000000000000
0.718864959132258 1.684999999999925 0.833000000000000
0.718965451224843 1.685999999999924 0.833000000000000
0.719065804920200 1.686999999999924 0.833000000000000
0.719166020209907 1.687999999999924 0.833000000000000
0.719266097088853 1.688999999999924 0.833000000000000
0.719366035555346 1.689999999999924 0.833000000000000
0.719465835610998 1.690999999999924 0.833000000000000
0.719565497261065 1.691999999999924 0.833000000000000
0.719665020514176 1.692999999999924 0.833000000000000
0.719764405382996 1.693999999999924 0.833000000000000
0.719863651884620 1.694999999999923 0.833000000000000
0.719962760042076 1.695999999999923 0.833000000000000
0.720061729886869 1.696999999999923 0.833000000000000
0.720160561160241 1.697999999999923 0.833000000000000
0.720259254331530 1.698999999999923 0.833000000000000
0.720357809240550 1.699999999999923 0.833000000000000
0.720456225918731 1.700999999999923 0.833000000000000
0.720554504400522 1.701999999999923 0.833000000000000
0.720652644723487 1.702999999999923 0.833000000000000
0.720750646929201 1.703999999999922 0.833000000000000
0.720848511066409 1.704999999999922 0.833000000000000
0.720946237205481 1.705999999999922 0.833000000000000
0.721043825232808 1.706999999999922 0.833000000000000
0.721141275400198 1.707999999999922 0.833000000000000
0.721238587688160 1.708999999999922 0.833000000000000
0.721335762191821 1.709999999999922 0.833000000000000
0.721432798823824 1.710999999999922 0.833000000000000
0.721529697855302 1.711999999999922 0.833000000000000
0.721626459161038 1.712999999999921 0.833000000000000
