0.730263151305266 0.966000000000000 0.833000000000000
0.730617700374805 0.965000000000000 0.833000000000000
0.730973146633390 0.964000000000000 0.833000000000000
0.731329486787774 0.963000000000000 0.833000000000000
0.731686717565244 0.962000000000000 0.833000000000000
0.732044835698558 0.961000000000000 0.833000000000000
0.732403837925711 0.960000000000000 0.833000000000000
0.732763720990245 0.959000000000000 0.833000000000000
0.733124481640685 0.958000000000000 0.833000000000000
0.733486116631513 0.957000000000000 0.833000000000000
0.733848622722452 0.956000000000000 0.833000000000000
0.734211996678931 0.955000000000000 0.833000000000000
0.734576235272306 0.954000000000000 0.833000000000000
0.734941335279254 0.953000000000000 0.833000000000000
0.735307293482697 0.952000000000000 0.833000000000000
0.735674106670931 0.951000000000000 0.833000000000000
0.736041771638622 0.950000000000000 0.833000000000000
0.736410285186446 0.949000000000000 0.833000000000000
0.736779644120624 0.948000000000000 0.833000000000000
0.737149845253952 0.947000000000000 0.833000000000000
0.737520885404918 0.946000000000000 0.833000000000000
0.737892761398630 0.945000000000000 0.833000000000000
0.738265470066300 0.944000000000000 0.833000000000000
0.738639008245184 0.943000000000000 0.833000000000000
0.739013372779117 0.942000000000000 0.833000000000000
0.739388560518421 0.941000000000000 0.833000000000000
0.739764568319250 0.940000000000000 0.833000000000000
0.740141393044994 0.939000000000000 0.833000000000000
0.740519031564968 0.938000000000000 0.833000000000000
0.740897480754993 0.937000000000000 0.833000000000000
0.741276737497896 0.936000000000000 0.833000000000000
0.741656798682877 0.935000000000000 0.833000000000000
0.742037661205846 0.934000000000000 0.833000000000000
0.742419322097399 0.933000000000000 0.833000000000000
0.742801778135726 0.932000000000000 0.833000000000000
0.743185026230323 0.931000000000000 0.833000000000000
0.743569063306406 0.930000000000000 0.833000000000000
0.743953886296467 0.929000000000000 0.833000000000000
0.744339492139732 0.928000000000000 0.833000000000000
0.744725877782553 0.927000000000000 0.833000000000000
0.745113040178727 0.926000000000000 0.833000000000000
0.745500976288472 0.925000000000000 0.833000000000000
0.745889683079833 0.924000000000000 0.833000000000000
0.746279157527594 0.923000000000000 0.833000000000000
0.746669396614027 0.922000000000000 0.833000000000000
0.747060397328366 0.921000000000000 0.833000000000000
0.747452156667499 0.920000000000000 0.833000000000000
0.747844671635193 0.919000000000000 0.833000000000000
0.748237939242503 0.918000000000000 0.833000000000000
0.748631956508190 0.917000000000000 0.833000000000000
0.749026720457769 0.916000000000000 0.833000000000000
0.749422228125033 0.915000000000000 0.833000000000000
0.749818476550156 0.914000000000000 0.833000000000000
0.750215462781171 0.913000000000000 0.833000000000000
0.750613183873700 0.912000000000000 0.833000000000000
0.751011636890300 0.911000000000000 0.833000000000000
0.751410818901482 0.910000000000000 0.833000000000000
0.751810726984859 0.909000000000000 0.833000000000000
0.752211358225689 0.908000000000000 0.833000000000000
0.752612709716806 0.907000000000000 0.833000000000000
0.753014778558096 0.906000000000000 0.833000000000000
0.753417561857294 0.905000000000000 0.833000000000000
0.753821056729741 0.904000000000000 0.833000000000000
0.754225260298180 0.903000000000000 0.833000000000000
0.754630169692787 0.902000000000000 0.833000000000000
0.755035782051216 0.901000000000000 0.833000000000000
0.755442094519109 0.900000000000000 0.833000000000000
0.755849104249146 0.899000000000000 0.833000000000000
0.756256808401839 0.898000000000000 0.833000000000000
0.756665204145108 0.897000000000000 0.833000000000000
0.757074288654801 0.896000000000000 0.833000000000000
0.757484059113768 0.895000000000000 0.833000000000000
0.757894512713110 0.894000000000000 0.833000000000000
0.758305646650806 0.893000000000000 0.833000000000000
0.758717458132916 0.892000000000000 0.833000000000000
0.759129944372808 0.891000000000000 0.833000000000000
0.759543102591579 0.890000000000000 0.833000000000000
0.759956930018058 0.889000000000000 0.833000000000000
0.760371423888307 0.888000000000000 0.833000000000000
0.760786581446019 0.887000000000000 0.833000000000000
0.761202399942844 0.886000000000000 0.833000000000000
0.761618876637545 0.885000000000000 0.833000000000000
0.762036008796802 0.884000000000000 0.833000000000000
0.762453793694505 0.883000000000000 0.833000000000000
0.762872228612596 0.882000000000000 0.833000000000000
0.763291310840203 0.881000000000000 0.833000000000000
0.763711037674191 0.880000000000000 0.833000000000000
0.764131406418707 0.879000000000000 0.833000000000000
0.764552414386066 0.878000000000000 0.833000000000000
0.764974058895452 0.877000000000000 0.833000000000000
0.765396337273822 0.876000000000000 0.833000000000000
0.765819246855870 0.875000000000000 0.833000000000000
0.766242784983571 0.874000000000000 0.833000000000000
0.766666949006514 0.873000000000000 0.833000000000000
0.767091736281878 0.872000000000000 0.833000000000000
0.767517144174042 0.871000000000000 0.833000000000000
0.767943170055129 0.870000000000000 0.833000000000000
0.768369811304995 0.869000000000000 0.833000000000000
0.768797065310340 0.868000000000000 0.833000000000000
0.769224929465775 0.867000000000000 0.833000000000000
0.769653401173574 0.866000000000000 0.833000000000000
0.770082477842622 0.865000000000000 0.833000000000000
0.770512156890039 0.864000000000000 0.833000000000000
0.770942435740126 0.863000000000000 0.833000000000000
0.771373311824456 0.862000000000000 0.833000000000000
0.771804785120664 0.861000000000000 0.833000000000000
0.772236851881616 0.860000000000000 0.833000000000000
0.772669508401524 0.859000000000000 0.833000000000000
0.773102752149440 0.858000000000000 0.833000000000000
0.773536580602099 0.857000000000000 0.833000000000000
0.773970991243637 0.856000000000000 0.833000000000000
0.774405981566100 0.855000000000000 0.833000000000000
0.774841549068658 0.854000000000000 0.833000000000000
0.775277691258196 0.853000000000000 0.833000000000000
0.775714405648822 0.852000000000000 0.833000000000000
0.776151689762503 0.851000000000000 0.833000000000000
0.776589541128320 0.850000000000000 0.833000000000000
0.777027957282834 0.849000000000000 0.833000000000000
0.777466935770175 0.848000000000000 0.833000000000000
0.777906474141824 0.847000000000000 0.833000000000000
0.778346569956565 0.846000000000000 0.833000000000000
0.778787220780644 0.845000000000000 0.833000000000000
0.779228424187362 0.844000000000000 0.833000000000000
0.779670177757853 0.843000000000000 0.833000000000000
0.780112479080134 0.842000000000000 0.833000000000000
0.780555325749734 0.841000000000000 0.833000000000000
0.780998715369508 0.840000000000000 0.833000000000000
0.781442645549485 0.839000000000000 0.833000000000000
0.781887113906702 0.838000000000000 0.833000000000000
0.782332118065652 0.837000000000000 0.833000000000000
0.782777655658308 0.836000000000000 0.833000000000000
0.783223724323349 0.835000000000000 0.833000000000000
0.783670321706831 0.834000000000000 0.833000000000000
0.784117445461927 0.833000000000000 0.833000000000000
0.784565093249026 0.832000000000000 0.833000000000000
0.785013262735533 0.831000000000000 0.833000000000000
0.785461951595885 0.830000000000000 0.833000000000000
0.785911157511747 0.829000000000000 0.833000000000000
0.786360878171986 0.828000000000000 0.833000000000000
0.786811111271866 0.827000000000000 0.833000000000000
0.787261854514246 0.826000000000000 0.833000000000000
0.787713105609048 0.825000000000000 0.833000000000000
0.788164862272482 0.824000000000000 0.833000000000000
0.788617122228554 0.823000000000000 0.833000000000000
0.789069883207503 0.822000000000000 0.833000000000000
0.789523142947038 0.821000000000000 0.833000000000000
0.789976899191364 0.820000000000000 0.833000000000000
0.790431149691704 0.819000000000000 0.833000000000000
0.790885892206022 0.818000000000000 0.833000000000000
0.791341124499440 0.817000000000000 0.833000000000000
0.791796844343440 0.816000000000000 0.833000000000000
0.792253049516724 0.815000000000000 0.833000000000000
0.792709737804462 0.814000000000000 0.833000000000000
0.793166906998515 0.813000000000000 0.833000000000000
0.793624554897885 0.812000000000000 0.833000000000000
0.794082679307801 0.811000000000000 0.833000000000000
0.794541278040365 0.810000000000000 0.833000000000000
0.795000348914550 0.809000000000000 0.833000000000000
0.795459889755593 0.808000000000000 0.833000000000000
0.795919898395722 0.807000000000000 0.833000000000000
0.796380372673408 0.806000000000000 0.833000000000000
0.796841310433931 0.805000000000000 0.833000000000000
0.797302709529155 0.804000000000000 0.833000000000000
0.797764567817160 0.803000000000000 0.833000000000000
0.798226883163015 0.802000000000000 0.833000000000000
0.798689653437965 0.801000000000000 0.833000000000000
0.799152876519728 0.800000000000000 0.833000000000000
0.799616550292743 0.799000000000000 0.833000000000000
0.800080672647327 0.798000000000000 0.833000000000000
0.800545241480921 0.797000000000000 0.833000000000000
0.801010254696686 0.796000000000000 0.833000000000000
0.801475710204619 0.795000000000000 0.833000000000000
0.801941605920893 0.794000000000000 0.833000000000000
0.802407939768027 0.793000000000000 0.833000000000000
0.802874709674711 0.792000000000000 0.833000000000000
0.803341913912927 0.791000000000000 0.833000000000000
0.803809549733036 0.790000000000000 0.833000000000000
0.804277615437144 0.789000000000000 0.833000000000000
0.804746108978912 0.788000000000000 0.833000000000000
0.805215028318204 0.787000000000000 0.833000000000000
0.805684371421335 0.786000000000000 0.833000000000000
0.806154136260432 0.785000000000000 0.833000000000000
0.806624320813987 0.784000000000000 0.833000000000000
0.807094923066473 0.783000000000000 0.833000000000000
0.807565941008489 0.782000000000000 0.833000000000000
0.808037372636557 0.781000000000000 0.833000000000000
0.808509215953646 0.780000000000000 0.833000000000000
0.808981469095386 0.779000000000000 0.833000000000000
0.809454135380639 0.778000000000000 0.833000000000000
0.809927207631701 0.777000000000000 0.833000000000000
0.810400683881993 0.776000000000000 0.833000000000000
0.810874562171734 0.775000000000000 0.833000000000000
0.811348840547134 0.774000000000000 0.833000000000000
0.811823517060178 0.773000000000000 0.833000000000000
0.812298589769195 0.772000000000000 0.833000000000000
0.812774056738296 0.771000000000000 0.833000000000000
0.813249916037305 0.770000000000000 0.833000000000000
0.813726165742476 0.769000000000000 0.833000000000000
0.814202803935418 0.768000000000000 0.833000000000000
0.814679828704034 0.767000000000000 0.833000000000000
0.815157238141781 0.766000000000000 0.833000000000000
0.815635030347915 0.765000000000000 0.833000000000000
0.816113203427763 0.764000000000000 0.833000000000000
0.816591755492218 0.763000000000000 0.833000000000000
0.817070684658037 0.762000000000000 0.833000000000000
0.817549989047517 0.761000000000000 0.833000000000000
0.818029666788833 0.760000000000000 0.833000000000000
0.818509716015822 0.759000000000000 0.833000000000000
0.818990134867982 0.758000000000000 0.833000000000000
0.819470921490298 0.757000000000000 0.833000000000000
0.819952074033554 0.756000000000000 0.833000000000000
0.820433590653914 0.755000000000000 0.833000000000000
0.820915469513474 0.754000000000000 0.833000000000000
0.821397708779394 0.753000000000000 0.833000000000000
0.821880306624739 0.752000000000000 0.833000000000000
0.822363261227909 0.751000000000000 0.833000000000000
0.822846570772766 0.750000000000000 0.833000000000000
0.823330233448702 0.749000000000000 0.833000000000000
0.823814247450459 0.748000000000000 0.833000000000000
0.824298610978238 0.747000000000000 0.833000000000000
0.824783322237756 0.746000000000000 0.833000000000000
0.825268379439813 0.745000000000000 0.833000000000000
0.825753780800548 0.744000000000000 0.833000000000000
0.826239524541922 0.743000000000000 0.833000000000000
0.826725608890580 0.742000000000000 0.833000000000000
0.827212032078812 0.741000000000000 0.833000000000000
0.827698792343981 0.740000000000000 0.833000000000000
0.828185887928866 0.739000000000000 0.833000000000000
0.828673317081276 0.738000000000000 0.833000000000000
0.829161078054241 0.737000000000000 0.833000000000000
0.829649169106092 0.736000000000000 0.833000000000000
0.830137588500248 0.735000000000000 0.833000000000000
0.830626334505009 0.734000000000000 0.833000000000000
0.831115405394296 0.733000000000000 0.833000000000000
0.831604799446607 0.732000000000000 0.833000000000000
0.832094514945687 0.731000000000000 0.833000000000000
0.832584550180494 0.730000000000000 0.833000000000000
0.833074903444832 0.729000000000000 0.833000000000000
0.833565573037282 0.728000000000000 0.833000000000000
0.834056557262039 0.727000000000000 0.833000000000000
0.834547854427523 0.726000000000000 0.833000000000000
0.835039462847624 0.725000000000000 0.833000000000000
0.835531380840895 0.724000000000000 0.833000000000000
0.836023606730870 0.723000000000000 0.833000000000000
0.836516138846053 0.722000000000000 0.833000000000000
0.837008975519415 0.721000000000000 0.833000000000000
0.837502115089235 0.720000000000000 0.833000000000000
0.837995555898409 0.719000000000000 0.833000000000000
0.838489296294541 0.718000000000000 0.833000000000000
0.838983334630165 0.717000000000000 0.833000000000000
0.839477669262453 0.716000000000000 0.833000000000000
0.839972298553386 0.715000000000000 0.833000000000000
0.840467220869644 0.714000000000000 0.833000000000000
0.840962434582529 0.713000000000000 0.833000000000000
0.841457938068232 0.712000000000000 0.833000000000000
0.841953729707259 0.711000000000000 0.833000000000000
0.842449807885042 0.710000000000000 0.833000000000000
0.842946170991588 0.709000000000000 0.833000000000000
0.843442817421343 0.708000000000000 0.833000000000000
0.843939745573496 0.707000000000000 0.833000000000000
0.844436953851756 0.706000000000000 0.833000000000000
0.844934440664199 0.705000000000000 0.833000000000000
0.845432204423752 0.704000000000000 0.833000000000000
0.845930243547594 0.703000000000000 0.833000000000000
0.846428556457527 0.702000000000000 0.833000000000000
0.846927141579608 0.701000000000000 0.833000000000000
0.847425997344664 0.700000000000000 0.833000000000000
0.847925122187692 0.699000000000000 0.833000000000000
0.848424514548104 0.698000000000000 0.833000000000000
0.848924172869832 0.697000000000000 0.833000000000000
0.849424095601186 0.696000000000000 0.833000000000000
0.849924281194711 0.695000000000000 0.833000000000000
0.850424728107331 0.694000000000000 0.833000000000000
0.850925434800288 0.693000000000000 0.833000000000000
0.851426399739177 0.692000000000000 0.833000000000000
0.851927621393780 0.691000000000000 0.833000000000000
0.852429098238280 0.690000000000000 0.833000000000000
0.852930828750958 0.689000000000000 0.833000000000000
0.853432811414370 0.688000000000000 0.833000000000000
0.853935044715342 0.687000000000000 0.833000000000000
0.854437527144802 0.686000000000000 0.833000000000000
0.854940257198030 0.685000000000000 0.833000000000000
0.855443233374172 0.684000000000000 0.833000000000000
0.855946454176715 0.683000000000000 0.833000000000000
0.856449918113173 0.682000000000000 0.833000000000000
0.856953628308758 0.681000000000000 0.833000000000000
0.857457579899023 0.680000000000000 0.833000000000000
0.857961770368460 0.679000000000000 0.833000000000000
0.858466198245431 0.678000000000000 0.833000000000000
0.858970862062753 0.677000000000000 0.833000000000000
0.859475760356956 0.676000000000000 0.833000000000000
0.859980891668688 0.675000000000000 0.833000000000000
0.860486254542869 0.674000000000000 0.833000000000000
0.860991847528121 0.673000000000000 0.833000000000000
0.861497669177040 0.672000000000000 0.833000000000000
0.862003718046514 0.671000000000000 0.833000000000000
0.862509992697014 0.670000000000000 0.833000000000000
0.863016491693081 0.669000000000000 0.833000000000000
0.863523213603184 0.668000000000000 0.833000000000000
0.864030156999712 0.667000000000000 0.833000000000000
0.864537320458871 0.666000000000000 0.833000000000000
0.865044702560781 0.665000000000000 0.833000000000000
0.865552301889286 0.664000000000000 0.833000000000000
0.866060117032231 0.663000000000000 0.833000000000000
0.866568146581056 0.662000000000000 0.833000000000000
0.867076389131214 0.661000000000000 0.833000000000000
0.867584843281684 0.660000000000000 0.833000000000000
0.868093507635393 0.659000000000000 0.833000000000000
0.868602380799029 0.658000000000000 0.833000000000000
0.869111461382735 0.657000000000000 0.833000000000000
0.869620748000604 0.656000000000000 0.833000000000000
0.870130239270372 0.655000000000000 0.833000000000000
0.870639933813404 0.654000000000000 0.833000000000000
0.871149830254734 0.653000000000000 0.833000000000000
0.871659927222905 0.652000000000000 0.833000000000000
0.872170223350260 0.651000000000000 0.833000000000000
0.872680717272781 0.650000000000000 0.833000000000000
0.873191407629774 0.649000000000000 0.833000000000000
0.873702293064406 0.648000000000000 0.833000000000000
0.874213372223138 0.647000000000000 0.833000000000000
0.874724643756266 0.646000000000000 0.833000000000000
0.875236106317246 0.645000000000000 0.833000000000000
0.875747758563342 0.644000000000000 0.833000000000000
0.876259599155191 0.643000000000000 0.833000000000000
0.876771626756920 0.642000000000000 0.833000000000000
0.877283840036034 0.641000000000000 0.833000000000000
0.877796237663649 0.640000000000000 0.833000000000000
0.878308818314154 0.639000000000000 0.833000000000000
0.878821580665345 0.638000000000000 0.833000000000000
0.879334523398629 0.637000000000000 0.833000000000000
0.879847645198589 0.636000000000000 0.833000000000000
0.880360944753100 0.635000000000000 0.833000000000000
0.880874420753636 0.634000000000000 0.833000000000000
0.881388071894877 0.633000000000000 0.833000000000000
0.881901896874795 0.632000000000000 0.833000000000000
0.882415894394748 0.631000000000000 0.833000000000000
0.882930063159316 0.630000000000000 0.833000000000000
0.883444401876345 0.629000000000000 0.833000000000000
0.883958909257009 0.628000000000000 0.833000000000000
0.884473584015675 0.627000000000000 0.833000000000000
0.884988424870071 0.626000000000000 0.833000000000000
0.885503430540892 0.625000000000000 0.833000000000000
0.886018599752324 0.624000000000000 0.833000000000000
0.886533931231378 0.623000000000000 0.833000000000000
0.887049423708770 0.622000000000000 0.833000000000000
0.887565075917830 0.621000000000000 0.833000000000000
0.888080886595392 0.620000000000000 0.833000000000000
0.888596854481230 0.619000000000000 0.833000000000000
0.889112978318345 0.618000000000000 0.833000000000000
0.889629256852825 0.617000000000000 0.833000000000000
0.890145688833870 0.616000000000000 0.833000000000000
0.890662273013621 0.615000000000000 0.833000000000000
0.891179008147467 0.614000000000000 0.833000000000000
0.891695892993686 0.613000000000000 0.833000000000000
0.892212926313775 0.612000000000000 0.833000000000000
0.892730106872109 0.611000000000000 0.833000000000000
0.893247433436078 0.610000000000000 0.833000000000000
0.893764904776132 0.609000000000000 0.833000000000000
0.894282519665679 0.608000000000000 0.833000000000000
0.894800276881039 0.607000000000000 0.833000000000000
0.895318175201615 0.606000000000000 0.833000000000000
0.895836213409680 0.605000000000000 0.833000000000000
0.896354390290396 0.604000000000000 0.833000000000000
0.896872704631916 0.603000000000000 0.833000000000000
0.897391155225339 0.602000000000000 0.833000000000000
0.897909740864417 0.601000000000000 0.833000000000000
0.898428460346129 0.600000000000000 0.833000000000000
0.898947312469991 0.599000000000000 0.833000000000000
0.899466296038641 0.598000000000000 0.833000000000000
0.899985409857421 0.597000000000000 0.833000000000000
0.900504652734494 0.596000000000000 0.833000000000000
0.901024023480895 0.595000000000000 0.833000000000000
0.901543520910435 0.594000000000000 0.833000000000000
0.902063143839733 0.593000000000000 0.833000000000000
0.902582891088106 0.592000000000000 0.833000000000000
0.903102761477880 0.591000000000000 0.833000000000000
0.903622753833739 0.590000000000000 0.833000000000000
0.904142866983508 0.589000000000000 0.833000000000000
0.904663099757527 0.588000000000000 0.833000000000000
0.905183450988836 0.587000000000000 0.833000000000000
0.905703919513430 0.586000000000000 0.833000000000000
0.906224504169572 0.585000000000000 0.833000000000000
0.906745203798676 0.584000000000000 0.833000000000000
0.907266017244456 0.583000000000000 0.833000000000000
0.907786943353514 0.582000000000000 0.833000000000000
0.908307980975058 0.581000000000000 0.833000000000000
0.908829128960877 0.580000000000000 0.833000000000000
0.909350386165369 0.579000000000000 0.833000000000000
0.909871751445615 0.578000000000000 0.833000000000000
0.910393223661328 0.577000000000000 0.833000000000000
0.910914801674724 0.576000000000000 0.833000000000000
0.911436484350631 0.575000000000000 0.833000000000000
0.911958270556458 0.574000000000000 0.833000000000000
0.912480159162191 0.573000000000000 0.833000000000000
0.913002149040281 0.572000000000000 0.833000000000000
0.913524239065872 0.571000000000000 0.833000000000000
0.914046428116503 0.570000000000000 0.833000000000000
0.914568715072275 0.569000000000000 0.833000000000000
0.915091098815755 0.568000000000000 0.833000000000000
0.915613578231989 0.567000000000000 0.833000000000000
0.916136152208676 0.566000000000000 0.833000000000000
0.916658819635769 0.565000000000000 0.833000000000000
0.917181579405812 0.564000000000000 0.833000000000000
0.917704430413675 0.563000000000000 0.833000000000000
0.918227374831994 0.562000000000000 0.833000000000000
0.918750409622154 0.561000000000000 0.833000000000000
0.919273532466361 0.560000000000000 0.833000000000000
0.919796742271047 0.559000000000000 0.833000000000000
0.920320037945087 0.558000000000000 0.833000000000000
0.920843418399766 0.557000000000000 0.833000000000000
0.921366882548585 0.556000000000000 0.833000000000000
0.921890429307658 0.555000000000000 0.833000000000000
0.922414057595307 0.554000000000000 0.833000000000000
0.922937766332221 0.553000000000000 0.833000000000000
0.923461554441377 0.552000000000000 0.833000000000000
0.923985420848173 0.551000000000000 0.833000000000000
0.924509364480239 0.550000000000000 0.833000000000000
0.925033384267580 0.549000000000000 0.833000000000000
0.925557479142321 0.548000000000000 0.833000000000000
0.926081648039139 0.547000000000000 0.833000000000000
0.926605889894780 0.546000000000000 0.833000000000000
0.927130203648325 0.545000000000000 0.833000000000000
0.927654588241008 0.544000000000000 0.833000000000000
0.928179042616389 0.543000000000000 0.833000000000000
0.928703565720375 0.542000000000000 0.833000000000000
0.929228156500866 0.541000000000000 0.833000000000000
0.929752813908069 0.540000000000000 0.833000000000000
0.930277536894408 0.539000000000000 0.833000000000000
0.930802324414502 0.538000000000000 0.833000000000000
0.931327175425072 0.537000000000000 0.833000000000000
0.931852088885136 0.536000000000000 0.833000000000000
0.932377063755714 0.535000000000000 0.833000000000000
0.932902099000164 0.534000000000000 0.833000000000000
0.933427193583845 0.533000000000000 0.833000000000000
0.933952346474253 0.532000000000000 0.833000000000000
0.934477556641090 0.531000000000000 0.833000000000000
0.935002823056096 0.530000000000000 0.833000000000000
0.935528144693118 0.529000000000000 0.833000000000000
0.936053520528211 0.528000000000000 0.833000000000000
0.936578949539327 0.527000000000000 0.833000000000000
0.937104430706645 0.526000000000000 0.833000000000000
0.937629963012307 0.525000000000000 0.833000000000000
0.938155545440544 0.524000000000000 0.833000000000000
0.938681176977712 0.523000000000000 0.833000000000000
0.939206856612143 0.522000000000000 0.833000000000000
0.939732583334150 0.521000000000000 0.833000000000000
0.940258356136140 0.520000000000000 0.833000000000000
0.940784174012498 0.519000000000000 0.833000000000000
0.941310035959689 0.518000000000000 0.833000000000000
0.941835940975945 0.517000000000000 0.833000000000000
0.942361888061835 0.516000000000000 0.833000000000000
0.942887876219548 0.515000000000000 0.833000000000000
0.943413904453524 0.514000000000000 0.833000000000000
0.943939971770011 0.513000000000000 0.833000000000000
0.944466077177156 0.512000000000000 0.833000000000000
0.944992219685296 0.511000000000000 0.833000000000000
0.945518398306414 0.510000000000000 0.833000000000000
0.946044612054643 0.509000000000000 0.833000000000000
0.946570859945858 0.508000000000000 0.833000000000000
0.947097140997927 0.507000000000000 0.833000000000000
0.947623454230664 0.506000000000000 0.833000000000000
0.948149798665669 0.505000000000000 0.833000000000000
0.948676173326503 0.504000000000000 0.833000000000000
0.949202577238604 0.503000000000000 0.833000000000000
0.949729009429242 0.502000000000000 0.833000000000000
0.950255468927529 0.501000000000000 0.833000000000000
0.950781954764503 0.500000000000000 0.833000000000000
0.951308465972998 0.499000000000000 0.833000000000000
0.951835001587726 0.498000000000000 0.833000000000000
0.952361560645087 0.497000000000000 0.833000000000000
0.952888142183487 0.496000000000000 0.833000000000000
0.953414745243101 0.495000000000000 0.833000000000000
0.953941368865762 0.494000000000000 0.833000000000000
0.954468012095273 0.493000000000000 0.833000000000000
0.954994673977193 0.492000000000000 0.833000000000000
0.955521353558734 0.491000000000000 0.833000000000000
0.956048049889127 0.490000000000000 0.833000000000000
0.956574762019091 0.489000000000000 0.833000000000000
0.957101489001371 0.488000000000000 0.833000000000000
0.957628229890214 0.487000000000000 0.833000000000000
0.958154983741784 0.486000000000000 0.833000000000000
0.958681749613936 0.485000000000000 0.833000000000000
0.959208526566173 0.484000000000000 0.833000000000000
0.959735313659962 0.483000000000000 0.833000000000000
0.960262109958130 0.482000000000000 0.833000000000000
0.960788914525518 0.481000000000000 0.833000000000000
0.961315726428485 0.480000000000000 0.833000000000000
0.961842544735170 0.479000000000000 0.833000000000000
0.962369368515398 0.478000000000000 0.833000000000000
0.962896196840650 0.477000000000000 0.833000000000000
0.963423028784105 0.476000000000000 0.833000000000000
0.963949863420512 0.475000000000000 0.833000000000000
0.964476699826436 0.474000000000000 0.833000000000000
0.965003537079919 0.473000000000000 0.833000000000000
0.965530374260817 0.472000000000000 0.833000000000000
0.966057210450543 0.471000000000000 0.833000000000000
0.966584044732127 0.470000000000000 0.833000000000000
0.967110876190229 0.469000000000000 0.833000000000000
0.967637703911166 0.468000000000000 0.833000000000000
0.968164526982839 0.467000000000000 0.833000000000000
0.968691344494739 0.466000000000000 0.833000000000000
0.969218155537922 0.465000000000000 0.833000000000000
0.969744959205268 0.464000000000000 0.833000000000000
0.970271754590875 0.463000000000000 0.833000000000000
0.970798540790655 0.462000000000000 0.833000000000000
0.971325316902074 0.461000000000000 0.833000000000000
0.971852082024090 0.460000000000000 0.833000000000000
0.972378835257311 0.459000000000000 0.833000000000000
0.972905575703805 0.458000000000000 0.833000000000000
0.973432302467242 0.457000000000000 0.833000000000000
0.973959014652830 0.456000000000000 0.833000000000000
0.974485711367305 0.455000000000000 0.833000000000000
0.975012391718917 0.454000000000000 0.833000000000000
0.975539054817458 0.453000000000000 0.833000000000000
0.976065699774211 0.452000000000000 0.833000000000000
0.976592325702023 0.451000000000000 0.833000000000000
0.977118931715131 0.450000000000000 0.833000000000000
0.977645516929419 0.449000000000000 0.833000000000000
0.978172080462132 0.448000000000000 0.833000000000000
0.978698621432119 0.447000000000000 0.833000000000000
0.979225138959636 0.446000000000000 0.833000000000000
0.979751632166330 0.445000000000000 0.833000000000000
0.980278100175508 0.444000000000000 0.833000000000000
0.980804542111777 0.443000000000000 0.833000000000000
0.981330957101338 0.442000000000000 0.833000000000000
0.981857344271666 0.441000000000000 0.833000000000000
0.982383702751876 0.440000000000000 0.833000000000000
0.982910031672356 0.439000000000000 0.833000000000000
0.983436330165068 0.438000000000000 0.833000000000000
0.983962597363243 0.436999999999999 0.833000000000000
0.984488832401704 0.435999999999999 0.833000000000000
0.985015034416547 0.434999999999999 0.833000000000000
0.985541202545378 0.433999999999999 0.833000000000000
0.986067335927165 0.432999999999999 0.833000000000000
0.986593433702325 0.431999999999999 0.833000000000000
0.987119495012518 0.430999999999999 0.833000000000000
0.987645519001034 0.429999999999999 0.833000000000000
0.988171504812262 0.428999999999999 0.833000000000000
0.988697451592261 0.427999999999999 0.833000000000000
0.989223358488265 0.426999999999999 0.833000000000000
0.989749224648942 0.425999999999999 0.833000000000000
0.990275049224272 0.424999999999999 0.833000000000000
0.990800831365680 0.423999999999999 0.833000000000000
0.991326570225868 0.422999999999999 0.833000000000000
0.991852264958977 0.421999999999999 0.833000000000000
0.992377914720357 0.420999999999999 0.833000000000000
0.992903518666792 0.419999999999999 0.833000000000000
0.993429075956346 0.418999999999999 0.833000000000000
0.993954585748449 0.417999999999999 0.833000000000000
0.994480047203842 0.416999999999999 0.833000000000000
0.995005459484575 0.415999999999999 0.833000000000000
0.995530821753954 0.414999999999999 0.833000000000000
0.996056133176723 0.413999999999999 0.833000000000000
0.996581392918818 0.412999999999999 0.833000000000000
0.997106600147486 0.411999999999999 0.833000000000000
0.997631754031265 0.410999999999999 0.833000000000000
0.998156853740081 0.409999999999999 0.833000000000000
0.998681898444989 0.408999999999999 0.833000000000000
0.999206887318382 0.407999999999999 0.833000000000000
0.999731819533961 0.406999999999999 0.833000000000000
1.000256694266644 0.405999999999999 0.833000000000000
1.000781510692703 0.404999999999999 0.833000000000000
1.001306268059028 0.403999999999999 0.833000000000000
1.001830967941048 0.402999999999999 0.833000000000000
1.002355607089180 0.401999999999999 0.833000000000000
1.002880184684829 0.400999999999999 0.833000000000000
1.003404699910499 0.399999999999999 0.833000000000000
1.003929151950056 0.398999999999999 0.833000000000000
1.004453539988478 0.397999999999999 0.833000000000000
1.004977863212060 0.396999999999999 0.833000000000000
1.005502120808261 0.395999999999999 0.833000000000000
1.006026311965731 0.394999999999999 0.833000000000000
1.006550435874347 0.393999999999999 0.833000000000000
1.007074491725162 0.392999999999999 0.833000000000000
1.007598478710590 0.391999999999999 0.833000000000000
1.008122396023895 0.390999999999999 0.833000000000000
1.008646242859883 0.389999999999999 0.833000000000000
1.009170018414302 0.388999999999999 0.833000000000000
1.009693721884202 0.387999999999999 0.833000000000000
1.010217352467785 0.386999999999999 0.833000000000000
1.010740909364394 0.385999999999999 0.833000000000000
1.011264391774539 0.384999999999999 0.833000000000000
1.011787798899899 0.383999999999999 0.833000000000000
1.012311129943354 0.382999999999999 0.833000000000000
1.012834384108899 0.381999999999999 0.833000000000000
1.013357560601632 0.380999999999999 0.833000000000000
1.013880658627868 0.379999999999999 0.833000000000000
1.014403677395027 0.378999999999999 0.833000000000000
1.014926616111710 0.377999999999999 0.833000000000000
1.015449473987531 0.376999999999999 0.833000000000000
1.015972250233419 0.375999999999999 0.833000000000000
1.016494944061262 0.374999999999999 0.833000000000000
1.017017554684155 0.373999999999999 0.833000000000000
1.017540081316250 0.372999999999999 0.833000000000000
1.018062523172906 0.371999999999999 0.833000000000000
1.018584879470465 0.370999999999999 0.833000000000000
1.019107149426481 0.369999999999999 0.833000000000000
1.019629332259540 0.368999999999999 0.833000000000000
1.020151427189361 0.367999999999999 0.833000000000000
1.020673433436768 0.366999999999999 0.833000000000000
1.021195350223675 0.365999999999999 0.833000000000000
1.021717176773027 0.364999999999999 0.833000000000000
1.022238912308860 0.363999999999999 0.833000000000000
1.022760556056340 0.362999999999999 0.833000000000000
1.023282107241692 0.361999999999999 0.833000000000000
1.023803565092172 0.360999999999999 0.833000000000000
1.024324928836154 0.359999999999999 0.833000000000000
1.024846197703063 0.358999999999999 0.833000000000000
1.025367370923356 0.357999999999999 0.833000000000000
1.025888447728586 0.356999999999999 0.833000000000000
1.026409427351319 0.355999999999999 0.833000000000000
1.026930309025169 0.354999999999999 0.833000000000000
1.027451091984863 0.353999999999999 0.833000000000000
1.027971775466117 0.352999999999999 0.833000000000000
1.028492358705693 0.351999999999999 0.833000000000000
1.029012840941358 0.350999999999999 0.833000000000000
1.029533221411996 0.349999999999999 0.833000000000000
1.030053499357409 0.348999999999999 0.833000000000000
1.030573674018540 0.347999999999999 0.833000000000000
1.031093744637236 0.346999999999999 0.833000000000000
1.031613710456498 0.345999999999999 0.833000000000000
1.032133570720217 0.344999999999999 0.833000000000000
1.032653324673369 0.343999999999999 0.833000000000000
1.033172971561888 0.342999999999999 0.833000000000000
1.033692510632802 0.341999999999999 0.833000000000000
1.034211941134034 0.340999999999999 0.833000000000000
1.034731262314607 0.339999999999999 0.833000000000000
1.035250473424443 0.338999999999999 0.833000000000000
1.035769573714539 0.337999999999999 0.833000000000000
1.036288562436816 0.336999999999999 0.833000000000000
1.036807438844245 0.335999999999999 0.833000000000000
1.037326202190740 0.334999999999999 0.833000000000000
1.037844851731194 0.333999999999999 0.833000000000000
1.038363386721531 0.332999999999999 0.833000000000000
1.038881806418602 0.331999999999999 0.833000000000000
1.039400110080183 0.330999999999999 0.833000000000000
1.039918296965116 0.329999999999999 0.833000000000000
1.040436366333214 0.328999999999999 0.833000000000000
1.040954317445117 0.327999999999999 0.833000000000000
1.041472149562604 0.326999999999999 0.833000000000000
1.041989861948251 0.325999999999999 0.833000000000000
1.042507453865681 0.324999999999999 0.833000000000000
1.043024924579479 0.323999999999999 0.833000000000000
1.043542273355148 0.322999999999999 0.833000000000000
1.044059499459102 0.321999999999999 0.833000000000000
1.044576602158761 0.320999999999999 0.833000000000000
1.045093580722458 0.319999999999999 0.833000000000000
1.045610434419460 0.318999999999999 0.833000000000000
1.046127162519918 0.317999999999999 0.833000000000000
1.046643764295097 0.316999999999999 0.833000000000000
1.047160239016970 0.315999999999999 0.833000000000000
1.047676585958581 0.314999999999999 0.833000000000000
1.048192804393829 0.313999999999999 0.833000000000000
1.048708893597570 0.312999999999999 0.833000000000000
1.049224852845530 0.311999999999999 0.833000000000000
1.049740681414444 0.310999999999999 0.833000000000000
1.050256378581862 0.309999999999999 0.833000000000000
1.050771943626326 0.308999999999999 0.833000000000000
1.051287375827232 0.307999999999999 0.833000000000000
1.051802674464891 0.306999999999999 0.833000000000000
1.052317838820541 0.305999999999999 0.833000000000000
1.052832868176307 0.304999999999999 0.833000000000000
1.053347761815212 0.303999999999999 0.833000000000000
1.053862519021144 0.302999999999999 0.833000000000000
1.054377139079007 0.301999999999999 0.833000000000000
1.054891621274445 0.300999999999999 0.833000000000000
1.055405964894060 0.299999999999999 0.833000000000000
1.055920169225336 0.298999999999999 0.833000000000000
1.056434233556648 0.297999999999999 0.833000000000000
1.056948157177266 0.296999999999999 0.833000000000000
1.057461939377299 0.295999999999999 0.833000000000000
1.057975579447767 0.294999999999999 0.833000000000000
1.058489076680553 0.293999999999999 0.833000000000000
1.059002430368395 0.292999999999999 0.833000000000000
1.059515639804946 0.291999999999999 0.833000000000000
1.060028704284712 0.290999999999999 0.833000000000000
1.060541623103046 0.289999999999999 0.833000000000000
1.061054395556140 0.288999999999999 0.833000000000000
1.061567020941144 0.287999999999999 0.833000000000000
1.062079498555984 0.286999999999999 0.833000000000000
1.062591827699432 0.285999999999999 0.833000000000000
1.063104007671214 0.284999999999999 0.833000000000000
1.063616037771812 0.283999999999999 0.833000000000000
1.064127917302587 0.282999999999999 0.833000000000000
1.064639645565764 0.281999999999999 0.833000000000000
1.065151221864431 0.280999999999999 0.833000000000000
1.065662645502481 0.279999999999999 0.833000000000000
1.066173915784633 0.278999999999999 0.833000000000000
1.066685032016544 0.277999999999999 0.833000000000000
1.067195993504593 0.276999999999999 0.833000000000000
1.067706799556048 0.275999999999999 0.833000000000000
1.068217449479092 0.274999999999999 0.833000000000000
1.068727942582562 0.273999999999999 0.833000000000000
1.069238278176305 0.272999999999999 0.833000000000000
1.069748455570854 0.271999999999999 0.833000000000000
1.070258474077683 0.270999999999999 0.833000000000000
1.070768333009025 0.269999999999999 0.833000000000000
1.071278031677935 0.268999999999999 0.833000000000000
1.071787569398338 0.267999999999999 0.833000000000000
1.072296945484941 0.266999999999999 0.833000000000000
1.072806159253274 0.265999999999999 0.833000000000000
1.073315210019672 0.264999999999999 0.833000000000000
1.073824097101339 0.263999999999999 0.833000000000000
1.074332819816180 0.262999999999999 0.833000000000000
1.074841377483051 0.261999999999999 0.833000000000000
1.075349769421504 0.260999999999999 0.833000000000000
1.075857994951954 0.259999999999999 0.833000000000000
1.076366053395601 0.258999999999999 0.833000000000000
1.076873944074472 0.257999999999999 0.833000000000000
1.077381666311366 0.256999999999999 0.833000000000000
1.077889219429881 0.255999999999999 0.833000000000000
1.078396602754443 0.254999999999999 0.833000000000000
1.078903815610270 0.253999999999999 0.833000000000000
1.079410857323378 0.252999999999999 0.833000000000000
1.079917727220497 0.251999999999999 0.833000000000000
1.080424424629252 0.250999999999999 0.833000000000000
1.080930948878010 0.249999999999999 0.833000000000000
1.081437299295959 0.248999999999999 0.833000000000000
1.081943475213025 0.247999999999999 0.833000000000000
1.082449475959962 0.246999999999999 0.833000000000000
1.082955300868281 0.245999999999999 0.833000000000000
1.083460949270292 0.244999999999999 0.833000000000000
1.083966420499087 0.243999999999999 0.833000000000000
1.084471713888472 0.242999999999999 0.833000000000000
1.084976828773142 0.241999999999999 0.833000000000000
1.085481764488506 0.240999999999999 0.833000000000000
1.085986520370711 0.239999999999999 0.833000000000000
1.086491095756782 0.238999999999999 0.833000000000000
1.086995489984409 0.237999999999999 0.833000000000000
1.087499702392116 0.236999999999999 0.833000000000000
1.088003732319138 0.235999999999999 0.833000000000000
1.088507579105553 0.234999999999999 0.833000000000000
1.089011242092147 0.233999999999999 0.833000000000000
1.089514720620466 0.232999999999999 0.833000000000000
1.090018014032921 0.231999999999999 0.833000000000000
1.090521121672507 0.230999999999999 0.833000000000000
1.091024042883112 0.229999999999999 0.833000000000000
1.091526777009331 0.228999999999999 0.833000000000000
1.092029323396577 0.227999999999999 0.833000000000000
1.092531681390943 0.226999999999999 0.833000000000000
1.093033850339305 0.225999999999999 0.833000000000000
1.093535829589278 0.224999999999999 0.833000000000000
1.094037618489264 0.223999999999999 0.833000000000000
1.094539216388393 0.222999999999999 0.833000000000000
1.095040622636523 0.221999999999999 0.833000000000000
1.095541836584310 0.220999999999999 0.833000000000000
1.096042857583110 0.219999999999999 0.833000000000000
1.096543684985057 0.218999999999999 0.833000000000000
1.097044318143006 0.217999999999999 0.833000000000000
1.097544756410559 0.216999999999999 0.833000000000000
1.098044999142070 0.215999999999999 0.833000000000000
1.098545045692637 0.214999999999999 0.833000000000000
1.099044895418051 0.213999999999999 0.833000000000000
1.099544547674925 0.212999999999999 0.833000000000000
1.100044001820514 0.211999999999999 0.833000000000000
1.100543257212869 0.210999999999999 0.833000000000000
1.101042313210792 0.209999999999999 0.833000000000000
1.101541169173721 0.208999999999999 0.833000000000000
1.102039824461952 0.207999999999999 0.833000000000000
1.102538278436418 0.206999999999999 0.833000000000000
1.103036530458810 0.205999999999999 0.833000000000000
1.103534579891565 0.204999999999999 0.833000000000000
1.104032426097820 0.203999999999999 0.833000000000000
1.104530068441476 0.202999999999999 0.833000000000000
1.105027506287079 0.201999999999999 0.833000000000000
1.105524739000034 0.200999999999999 0.833000000000000
1.106021765946303 0.199999999999999 0.833000000000000
1.106518586492725 0.198999999999999 0.833000000000000
1.107015200006728 0.197999999999999 0.833000000000000
1.107511605856567 0.196999999999999 0.833000000000000
1.108007803411126 0.195999999999999 0.833000000000000
1.108503792040083 0.194999999999999 0.833000000000000
1.108999571113801 0.193999999999999 0.833000000000000
1.109495140003330 0.192999999999999 0.833000000000000
1.109990498080455 0.191999999999999 0.833000000000000
1.110485644717703 0.190999999999999 0.833000000000000
1.110980579288266 0.189999999999999 0.833000000000000
1.111475301166096 0.188999999999999 0.833000000000000
1.111969809725829 0.187999999999999 0.833000000000000
1.112464104342758 0.186999999999999 0.833000000000000
1.112958184392988 0.185999999999999 0.833000000000000
1.113452048593940 0.184999999999999 0.833000000000000
1.113945697626263 0.183999999999999 0.833000000000000
1.114439130223877 0.182999999999999 0.833000000000000
1.114932345765618 0.181999999999999 0.833000000000000
1.115425343631070 0.180999999999999 0.833000000000000
1.115918123200438 0.179999999999999 0.833000000000000
1.116410683854760 0.178999999999999 0.833000000000000
1.116903024975678 0.177999999999999 0.833000000000000
1.117395145945574 0.176999999999999 0.833000000000000
1.117887046147485 0.175999999999999 0.833000000000000
1.118378724965187 0.174999999999999 0.833000000000000
1.118870181783141 0.173999999999999 0.833000000000000
1.119361415986503 0.172999999999999 0.833000000000000
1.119852426961136 0.171999999999999 0.833000000000000
1.120343214093534 0.170999999999999 0.833000000000000
1.120833776770968 0.169999999999999 0.833000000000000
1.121324114381351 0.168999999999999 0.833000000000000
1.121814226313334 0.167999999999999 0.833000000000000
1.122304111956173 0.166999999999999 0.833000000000000
1.122793770699900 0.165999999999999 0.833000000000000
1.123283201935191 0.164999999999999 0.833000000000000
1.123772405053411 0.163999999999999 0.833000000000000
1.124261379446606 0.162999999999999 0.833000000000000
1.124750124507555 0.161999999999999 0.833000000000000
1.125238639629655 0.160999999999999 0.833000000000000
1.125726924207044 0.159999999999999 0.833000000000000
1.126214977634491 0.158999999999999 0.833000000000000
1.126702799307513 0.157999999999999 0.833000000000000
1.127190388622225 0.156999999999999 0.833000000000000
1.127677744975484 0.155999999999999 0.833000000000000
1.128164867764826 0.154999999999999 0.833000000000000
1.128651756388436 0.153999999999999 0.833000000000000
1.129138410245192 0.152999999999999 0.833000000000000
1.129624828734660 0.151999999999999 0.833000000000000
1.130111011257066 0.150999999999999 0.833000000000000
1.130596957213296 0.149999999999999 0.833000000000000
1.131082666004963 0.148999999999999 0.833000000000000
1.131568137034294 0.147999999999999 0.833000000000000
1.132053369704245 0.146999999999999 0.833000000000000
1.132538363418425 0.145999999999999 0.833000000000000
1.133023117581070 0.144999999999999 0.833000000000000
1.133507631597150 0.143999999999999 0.833000000000000
1.133991904872282 0.142999999999999 0.833000000000000
1.134475936812765 0.141999999999999 0.833000000000000
1.134959726825500 0.140999999999999 0.833000000000000
1.135443274318173 0.139999999999999 0.833000000000000
1.135926578699050 0.138999999999999 0.833000000000000
1.136409639377052 0.137999999999999 0.833000000000000
1.136892455761834 0.136999999999999 0.833000000000000
1.137375027263688 0.135999999999999 0.833000000000000
1.137857353293556 0.134999999999999 0.833000000000000
1.138339433263052 0.133999999999999 0.833000000000000
1.138821266584462 0.132999999999999 0.833000000000000
1.139302852670687 0.131999999999999 0.833000000000000
1.139784190935365 0.130999999999999 0.833000000000000
1.140265280792739 0.129999999999999 0.833000000000000
1.140746121657735 0.128999999999999 0.833000000000000
1.141226712945959 0.127999999999999 0.833000000000000
1.141707054073591 0.126999999999999 0.833000000000000
1.142187144457555 0.125999999999999 0.833000000000000
1.142666983515412 0.124999999999999 0.833000000000000
1.143146570665361 0.123999999999999 0.833000000000000
1.143625905326245 0.122999999999999 0.833000000000000
1.144104986917604 0.121999999999999 0.833000000000000
1.144583814859644 0.120999999999999 0.833000000000000
1.145062388573121 0.119999999999999 0.833000000000000
1.145540707479552 0.118999999999999 0.833000000000000
1.146018771001051 0.117999999999999 0.833000000000000
1.146496578560406 0.116999999999999 0.833000000000000
1.146974129581028 0.115999999999999 0.833000000000000
1.147451423487027 0.114999999999999 0.833000000000000
1.147928459703109 0.113999999999999 0.833000000000000
1.148405237654650 0.112999999999999 0.833000000000000
1.148881756767681 0.111999999999999 0.833000000000000
1.149358016468874 0.110999999999999 0.833000000000000
1.149834016185564 0.109999999999999 0.833000000000000
1.150309755345646 0.108999999999999 0.833000000000000
1.150785233377790 0.107999999999999 0.833000000000000
1.151260449711232 0.106999999999999 0.833000000000000
1.151735403775841 0.105999999999999 0.833000000000000
1.152210095002153 0.104999999999999 0.833000000000000
1.152684522821398 0.103999999999999 0.833000000000000
1.153158686665319 0.102999999999999 0.833000000000000
1.153632585966416 0.101999999999999 0.833000000000000
1.154106220157760 0.100999999999999 0.833000000000000
1.154579588673128 0.099999999999999 0.833000000000000
1.155052690946856 0.098999999999999 0.833000000000000
1.155525526413953 0.097999999999999 0.833000000000000
1.155998094510080 0.096999999999999 0.833000000000000
1.156470394671491 0.095999999999999 0.833000000000000
1.156942426335122 0.094999999999999 0.833000000000000
1.157414188938555 0.093999999999999 0.833000000000000
1.157885681919933 0.092999999999999 0.833000000000000
1.158356904718086 0.091999999999999 0.833000000000000
1.158827856772459 0.090999999999999 0.833000000000000
1.159298537523150 0.089999999999999 0.833000000000000
1.159768946410830 0.088999999999999 0.833000000000000
1.160239082876868 0.087999999999999 0.833000000000000
1.160708946363230 0.086999999999999 0.833000000000000
1.161178536391007 0.085999999999999 0.833000000000000
1.161647852335539 0.084999999999999 0.833000000000000
1.162116893626652 0.083999999999999 0.833000000000000
1.162585659708915 0.082999999999999 0.833000000000000
1.163054150027420 0.081999999999999 0.833000000000000
1.163522364027944 0.080999999999999 0.833000000000000
1.163990301156859 0.079999999999999 0.833000000000000
1.164457960861136 0.078999999999999 0.833000000000000
1.164925342588426 0.077999999999999 0.833000000000000
1.165392445786992 0.076999999999999 0.833000000000000
1.165859269905676 0.075999999999999 0.833000000000000
1.166325814394014 0.074999999999999 0.833000000000000
1.166792078702026 0.073999999999999 0.833000000000000
1.167258062280520 0.072999999999999 0.833000000000000
1.167723764580776 0.071999999999999 0.833000000000000
1.168189185054844 0.070999999999999 0.833000000000000
1.168654323155216 0.069999999999999 0.833000000000000
1.169119178335135 0.068999999999999 0.833000000000000
1.169583750048383 0.067999999999999 0.833000000000000
1.170048037749402 0.066999999999999 0.833000000000000
1.170512040893239 0.065999999999999 0.833000000000000
1.170975758935507 0.064999999999999 0.833000000000000
1.171439191332496 0.063999999999999 0.833000000000000
1.171902337541045 0.062999999999999 0.833000000000000
1.172365197018692 0.061999999999999 0.833000000000000
1.172827769223463 0.060999999999999 0.833000000000000
1.173290053614078 0.059999999999999 0.833000000000000
1.173752049649823 0.058999999999999 0.833000000000000
1.174213756790643 0.057999999999999 0.833000000000000
1.174675174497013 0.056999999999999 0.833000000000000
1.175136302230069 0.055999999999999 0.833000000000000
1.175597139451536 0.054999999999999 0.833000000000000
1.176057685623705 0.053999999999999 0.833000000000000
1.176517940209520 0.052999999999999 0.833000000000000
1.176977902672533 0.051999999999999 0.833000000000000
1.177437572476826 0.050999999999999 0.833000000000000
1.177896949087132 0.049999999999999 0.833000000000000
1.178356031968772 0.048999999999999 0.833000000000000
1.178814820587672 0.047999999999999 0.833000000000000
1.179273314410315 0.046999999999999 0.833000000000000
1.179731512903824 0.045999999999999 0.833000000000000
1.180189415535899 0.044999999999999 0.833000000000000
1.180647021774813 0.043999999999999 0.833000000000000
1.181104331089462 0.042999999999999 0.833000000000000
1.181561342949280 0.041999999999999 0.833000000000000
1.182018056824375 0.040999999999999 0.833000000000000
1.182474472185335 0.039999999999999 0.833000000000000
1.182930588503426 0.038999999999999 0.833000000000000
1.183386405250447 0.037999999999999 0.833000000000000
1.183841921898776 0.036999999999999 0.833000000000000
1.184297137921388 0.035999999999999 0.833000000000000
1.184752052791829 0.034999999999999 0.833000000000000
1.185206665984214 0.033999999999999 0.833000000000000
1.185660976973231 0.032999999999999 0.833000000000000
1.186114985234104 0.031999999999999 0.833000000000000
1.186568690242642 0.030999999999999 0.833000000000000
1.187022091475153 0.029999999999999 0.833000000000000
1.187475188408530 0.028999999999999 0.833000000000000
1.187927980541383 0.027999999999999 0.833000000000000
1.188380467314962 0.026999999999999 0.833000000000000
1.188832648224782 0.025999999999999 0.833000000000000
1.189284522750204 0.024999999999999 0.833000000000000
1.189736090371118 0.023999999999999 0.833000000000000
1.190187350568020 0.022999999999999 0.833000000000000
1.190638302821968 0.021999999999999 0.833000000000000
1.191088946614594 0.020999999999999 0.833000000000000
1.191539281428044 0.019999999999999 0.833000000000000
1.191989306745107 0.018999999999999 0.833000000000000
1.192439022049085 0.017999999999999 0.833000000000000
1.192888426823854 0.016999999999999 0.833000000000000
1.193337520553834 0.015999999999999 0.833000000000000
1.193786302724035 0.014999999999999 0.833000000000000
1.194234772819993 0.013999999999999 0.833000000000000
1.194682930327824 0.012999999999999 0.833000000000000
1.195130774734218 0.011999999999999 0.833000000000000
1.195578305526379 0.010999999999999 0.833000000000000
1.196025522192145 0.009999999999999 0.833000000000000
1.196472424220190 0.008999999999999 0.833000000000000
1.196919011100926 0.007999999999999 0.833000000000000
1.197365282315710 0.006999999999999 0.833000000000000
1.197811237363939 0.005999999999999 0.833000000000000
1.198256875732618 0.004999999999999 0.833000000000000
1.198702196912625 0.003999999999999 0.833000000000000
1.199147200395525 0.002999999999999 0.833000000000000
